035090410204070009000000000000600038000900150100000000900000300701204800060000021
000090000000000105007000043090100080270008009006040200400000700300050064018009000
052000008100750004060008130004000001000360007000802960000170400000980006000004000
000000006570000000000403120064002000800100000300905060902000800010000070000350000
402003067030000809609040300000008000207000000000079001000600000020301900000082403
000200014002003000080000000000040070260030000010008095890000200100500700000600001
060007240040008105001605008006050000000204000004906000000000000018002600009000501
301002008800004000000700165020300806700900000506081002000000400008100637000000001
008000000000000900400500002000002040910400506070080000005020030300600001096030720
504000300130506009200001000420015000000070004079003000000000400800000001060000235
000000080000093000090005410784000000930000000002010000000200003040900008360700540
000030810000700000000006000008140900906800000100002050073001260040000000000078004
100009800070230010000070000000020000900000006700145000200500080460000059510008067
000050010100904000050063008010000700230000940070609000003002000500400000000395470
000000000002600000100700040003206400070980060005030009604000810720005003000000000
900406000000087000000050000100000709470800050000000301089001200500720006000005130
000020063001000020302005800100080530009000080000003106040010908960000004007000050
805000002200306000000090003508007020460000007900504600080700000000150000700039000
000009600300500000005004000200401003000000706070302008892005000400200000000093500
000006050000397000000500000000023040200710900000000071001004000580000006940065320
400000689000000000010900003100005002059840700608003000007004100000500000000700506
020300009030007160000061005000852976000609000000000400000006050170000020200070000
052407000060200000000065040001000803827350000000100007940000061000093700008600000
000700900000003020004050007058040003000060080760092000000010802000209405000000031
001000000000720080000000000080900016306008070700002000800509030090003068402070900
320005800000030500000726000000060000000007004051040060048001070930002600500000930
070040020000900000000030000005100047000500010300004009010000050007001964060302008
200600800000050600008903040560000401047000000930000020005000002000000985000300700
100507009052068000080100000000009043000020180000000500005001900070000006000640050
820000006050023000009600170015000400000049008608100090002000060000000309500006000
950000000104090000070000000038040060409008700000702008040907000006080400200000081
004000000700000930000002000000605300001004690490000205000020870137050000809001000
080700000010540789043009000020470860050000000108050090600000000000800201000000900
508000730000000000301000000800309400003200090950170008160900000005008010000000627
107000050020000000000040103041000090300000807000500000090000540000002600008907002
000000097000258000020010000067000005000009003010320700200780350001004060080000000
006000000030006000050000400008010000500000090402630100380400050000070014670900280
090500800000030200000000010700301000002480907840000030000000004008950370300042508
010000000200300000000006425050907103701040000090062000926000008000001002003000040
014005000000026000900000000003000705807000310050080092040261000020740000009003000
008000020010000005070000400002800064090000000000000201800160050009003006004290380
004390000006057023700020000160000300000000015090540068080000000030000050000000296
004137050700000000080000024000604000000020000000000001301890070049300200050000096
000000000749000050210008600000000500098020000007005004054000309100809700000060020
000081040006030500010900000305800600000050902004600001900000120000004300000000000
007600000040000000005030821000800009010206000600000074000925000020004300006100000
000403000004100008300000070000009510500014030907500024050007000001046000460000080
001000607002000009030600000083000401706004000040200800007002000805170000200063000
902004000500301000078000009000600000120000000000700302207060004000030500004908003
000000900070008030000002000050000260620700009108030700080057000009000407060380005
000000804000002060300080020009000300000604001080030005004250008790300400065800007
000010000804300500750080000006190450300500610007002900000006000020000080060000009
000036000050000000010800007100980000308040020540003800000000300000027004860005009
000010028030005009480090301300002604000387000008000000500000000000000000001279000
100000000056000003040000029069100405830000000000000000000501270007902300200860090
700300600000705010000069405000002001930000000600000000800000000007981006509000032
600804200002930000501600304208000503003000460006040700000300000100076000000009000
090040002056020000048106300000000407002000050014600203300700009900480731000000000
700001085000290400100804007058940000600000342000000000307000054060000020000000601
006700800040006007107000040090000000008000650000000231054030070720509000000400900
800000006036901850702500003020090000060308000090670005000010000005740000000009000
002070800000406009007081000020700300390800070004500000000040000031000090580900000
000000079001700300840000000500040000736000000080000062200000018009007000100020604
000000070000006001900800460006700945000000600200009010050067030304001009000302000
000008003030000709000000000602807000100060200004020000090001030700200605001403082
080004050000000980020000000000503401900002000000008006008015000061300000005060070
000000050500380100700100639000270000030000487000000090058047000070902010209003000
006900000805007030010000000000705000082000000400021900007003009001076420600409005
000400020000073000000906000170000048000090601904030070001500400090001005030080000
000003500000009704050284030008300006000750900009000072600000300800120000000807000
070000603095200010402000005001000000000400000000006090020807000000590070004031000
406007020000000006001390000500200007708003400602000019000080500090000000000015000
008000050130000060050030907002040005080005170016000030040000000000700009000002816
000090803706304000300100670000012000040000200520063100658000020000000360904000000
004000805000100007050009301000534000000860000408001000600307090100090000070600008
714000000900001205000000600000002548500010000060300000040000007130000050607203001
000005060009200875023000000058600002102000009000300000070009148201000057000000300
800000703000000610000019500940070000600020004000900860420500030009004100000007008
007001600985620300200009007000000830000200000000950004609073000030800709008000200
200000000007000801809410000450000070003705060070109300090000008104000629000000400
100000437000091508068050000020000000010000700003800009640007002052010000000060395
670503000080400000205080091000000029000200600001004007000800160300000805000005004
700004062093800000040205000300500090105030708000100004008000400000020000000000001
810630000600000000075000004002590000100024035009000001000000218000000500427000000
000073081400001053700200009080030000600109005000600410960000002000000000040000030
000501007092700050060023900053000148000000009001000030205100000000080020070030004
090300060703042100005000004950008010000051690010690003000080006000000000300000047
200400006340000200007003000000579000100000008090002300700900510068000097000000603
980000007002000000754000000000605800010009000806004010100047009030002100009500048
002300810008000590010007043060200000020160000000008000000740000670003080940082000
105093000309600800006800070003004009000501007200000086000000700640000000000000530
500000206030060018004009070900016000000000030000740100100000005000038090000670800
600000700010080003340000000580004270000500000100000049004002806020019030000000902
000960130000008000000320009060005010700000368000010700000003000031670200070000500
000679000040000000000802000060003407030020008209084000900010085400090070750000030
203900540008003007590700100030007000010020300000000000000300000720460005006005009
025019000070002009004000030009000000600000000002580004706090208030007000000125006
010000008000000000402709000057000000104580007028900005900002000800003100045007069
030706000800005000000139005048000003001000009900070024500207000263594000000000000
000001000050080000009430000000700060420010000080650003162005000000803024040007005
