520009100008000600030600078061000489000000000092300700000000020900040850003800004
506000070020000000000800030635000000090450001080320000700090600850017400000030010
100230040409700000280409000900080007000000003705000000002000060000060805006300490
609810000003600409000700200002080001900300040008090537006000080000000003010050000
800307000050800046000005010060500020000000009403020000030208004040000900076903005
080000000509006000600300000204700000000010000973002000060970180000021500030008960
003600002900000060000500740800040600060009021004070890000000274070015000002000005
806004100000308504400500806010046000000030000762105000173000400000280000009013000
060000000900000100000000020610080045500020800040007230206304007003000050000701000
000003800870520001100900000000097100000000060300000400038000004009000570042036000
000605100005120600000000000008700000401000080023000000830004009090802540050007360
980005700000000045100000000800607300000000500009041087704000600500904000000030002
040080000000106002080050001000000000020007010030908020200045086300062000608000070
040000000102500000630040802200905703000700680801600250000070020010006007003000000
300400950018050600070000003000000800000001700050000090000020070049100060106009040
008530000002900050400002308091380000080000000700020000900000000000714020600005700
800000000050008700106000034002936000760012000000040120321009080008000010007000009
200507000000003046409602001078030002000000705004000030001000000000700920050000004
300500010000170050002000809080010092410300000900000005000937000000000000000401080
016700000004300000000509000000000800000600501005041002023060107067000000090005086
350060400000000000600094000030001020200000059000047000000000600972038000000179800
000500000810400203007000890005100080063000100000000049002000030080026000706800000
902500000100080000005007000700100290030700004006040070458000000001652000000000109
090050080500004790020370016000000930100060000070130800900000370000600048000000000
050097000041080000000040189000005006260800470000000830000000040070000521000600007
070400000000800071100009080006150000001002000920300000380017000000200000594030007
052010008300000705000005000008700094007052800000090100006087900000261030000000000
400059001023000947000000300604000715000060420000000000068104070010000600002076003
001009056380007210020005800006000090402000000090010060004800020850900003060500000
310500900040000320089001040000908000006050000051070004020643080400800000000000000
000010000000704000000000006090086510800050009004900700020001007500003000706800104
000000002900008000305000000060032087000040000490500300000000510600004700200806003
100032000000804000000090000800000940350008010000010057400600081700000600090750000
710000000000045000908020003070000086030401027000008049200000000563092000001080000
500902060060000500000008300650800000490006080800300900000519002000204008000000600
058003040070005100000400809025300006103000090080000000607009010000000000500000907
609700000073200800800090507300000000010000200400020630201080365000000100900065000
030000080406050012580023090000710000021900000000002800600000500000408030000300040
001300000200740500000050000507000103300900046060008900000403000030087000600010050
003600080870000006000803010000008000082300000160050000009001073401009000020400060
001007050060080209009601800005032490900010060000400000000073028000090001000000500
306900540004000030090080007000000350608007010000040908000705080000062000040000000
173600000008000600090384000205008000006940002000020030000700900000000010001003070
600000048910020300000057006509400060000000000080000009840006000093001070006003100
084000900009002630207900000900004001070209005040560308800000100006300000000000700
020690050070102000010804020000000900700000045008920016980060000000000400000000072
060000000003100902000800000017050208009008000050003010408790000000000000371400000
200008000040305008600400000500709012010000300860000400007100850000000000000500061
200000000903807000040001060007630500060018200000054001500082000000090000030005400
900030025080000900002019700700100400104006390008370501000000040000760000000020000
000000000080000250000260074030025000200817000000000090005000960000078000000300048
002000004070420000105000006000000000703000821800009053500000000060510308300000970
000000304000600070000514060000000800081000006907000052040259030000806100000030009
006000805020000000708502403000000570000908000000000000400050102500081900009630000
000607008000000000000000007038710090500203086001090000400059030005000000003070401
010900700000082401408060002000030007000000000509000160080500000267040018900000000
035000640070100200049020005000001000000000039680079500000853000000000000004200080
000500800809073024000000070537090000090000000010000945005020008020000100400000063
060200030000104700451760000040000000000000008200600900120400050500930004800001020
007200000209034010000000960020700000906000040700000005000080030800690000010500000
001040006000000098000000370000200560000053000306708000900005040020000700070020081
050102000480097000009450002000000030310004500078000100090000800700000300000000046
050070304002000000908350700005002600090004870000000029001000008080005000400830001
803000000051470000000200000600090820390000000002840000000904700010720080700503900
007000906000080000910000280062070000000001590000000000570620819600004000280000030
700030005082000107006002340000000000008045000604901020907010000830209000000057000
004007500000046000009580360918030700400000900000000048000000180100070602070000030
050000000000000600400208000703096040500070100000100030000003210000800004902040053
040000726008006003060005900006004008000600000203900400005000000000000239412000007
000000132000050670070000008009730814600004000000010000000002501008041700200570980
094000870005000630600007000030140000000000460000000002060300120000028095900570000
630000000900000130405000070000000800703009004050000060000300000070004620190506740
089010600070463000000000010090000042508000003000090800000280000020106900006954000
001005000042800000300070002000000900080000003003128040470300010900010000005960700
500009040700201300840000061600020750000100000000000000200800470005000010160700030
000300080031000004000000000000290010802106430004000006009075000006003097400002160
068490700137000040004001000000000080000000976200900000400502030600000010003008005
000100030090780000000053000350000000208009040006000500000048060604070809009600023
700000006056000700940000503000107000000000030000850000600410020000080090008635001
000075690800391000000006000000000500000008000043019070100007000020000300605003801
509000700200001040100670080900008007080937000000520010004000500000750000000002803
736000000020060009000000021062000300100200005040900000904000850005080160000000907
007015003005670001060200400806000000002004090400003057200000000000090000701000030
070002000000500800132807060750003000080046000400100300009000000005000209010900006
000000052008001300065007910400108000801025070036000000000070830000000206000000040
040600300030580600008400079050001000001000007027004000090258060000000200000900500
560020000000719080800000000070000420000000800023006591010305000000002004000000060
000000000500008010070620300620050000407000000008070421306094705000003006000000040
405000070080107205700000609000040300190000000000000010500200063002010007008530090
010000560050004003378050001007009000940010070000020000003200187000000000000030026
900007425000650007000200000000086000805902030740000000580000002073000060000845000
000209076018040000002506000000000500009300008000068903400020001060005030005400000
029000000600790000750400610008002403000000060000050190100000085035000000040800070
000051200000000009070000000920008465060003120804000000090074000600800052080200000
020084090000300000000057000200093740090010000050000000041000008607008050000006300
080000004009100020005009000620580900000300000000090010008040609040200130003000200
050020094000546800000300000000200070100067000030000000009000080720408000004905602
010000000090030400000006000002059740000701300087600000905024070001000050400000002
080002130100000070094005000000584002000010000003200000009000600200000009845970010
030684000062100000000007049004006200010000000075400000300900150001005002009030000
000700040000000001001680250600307000304000509810060007005800010000000900000930080
102903600070104509004000200000068005000000000200000301810530702059000006000000000
790000020000000400600209700870030000104700050006000030018302000000070091020900060
100000000000082350000000208001003500009017602020409030060000070400000000000000809
560100000000000000000472090740000000016807000300090800035700001000050042800009050
026007008000310000070040600000000000008005000345060000602190500050004802080000090
048100005000003007002000400010008000000300008000674000100920300300001040209007800
609008000000206580000045061040030010075000900020000703000000000090004100237000000
056080002100000079280700400000000000000023000000005034000059060814000500000000000
007005020001070000048300050000003095072050043004001000000047000010980000000002070
500082700008904000092700040300009010041000000050000000080460500000021800063500020
000006010060730020070820000600070050032405086015600000000080043004000072000000900
020007000000900000600520090080060000000080403040200000598030020030000078000000605
000006032000081090000000700600008340000090000029007001900000420800040000007030580
106030000000100000290007054000000317600000000000504006905003070000020080041060900
006005370008307000000020800904016000150040000000200000009060010270000000010800000
000070512005043000060020000840000006050600040009000307001000000000002009430908060
002034000050000000006702500500600002000857000083000001040305000608900030000060004
103700206000200500207080100800500060070000000614000809030000010791008300000030008
603070000400000000005000000008600300000090000007021080020065001900300008000008540
040000000057019000900000060000600073080000000004700910005486007412900800000025000
060070405030020670000000020600900017090810000708300000000000380005000004000060209
800000009050060410600010085000020050000000001293000700300040070410200000008000360
008040020000003005000000000610000000094060851003020400300900000107500360800002500
030004508020007090680009020300040000810600050409200300000030000000000100000001072
000843000800000632000000009026000000007062103000001000640080720001504080300000900
450000000003000010007000605800013072700200069020000500040000020002600080600000100
200140000040000360930060702000010004803070009000000000000400006090031000320085100
009000001400000000062400003000040038050008400000009060000605000826700000071200090
070580006000000894030091000000000680500002703000040005023000050000008010040370008
300000400000807000017009000800090060734250000009000000003604020400008600090010003
000402600006319027800000300000070000000003000070001003005060102907000008402005706
000000000405000700200058000890007600700005421004000000180900030003020000000004009
400300002000025009000080060000413500000060000030200080008600405052000900340009007
000004200805090000000007000000020054064500007002649001006105040080003070090000008
800000000000200090040800000000020010000070500006900234002008401700005000001030906
070060340400900100000001008003016020500000030640005000007080000016307000890000000
400000000985007000007010000000400507378900010004060000560000040090305006002000080
800105003000720900000000002080010000503000640000806001000073065032400000000000000
100084090090520000000009004005038012908000000060000000871000000300040006400000005
050800001008306900001009034000040503009100020500900008000600700000092600700000000
600104092950826000000000000460070020010042050007000000000000005800009100000680000
020030006000060090400100038000000001000800749000000080010705000000089004650004820
002060000060000409400003250725100000130000700800000000001072004070400800040609502
050007630040600095006000200700805060000000571000000003080520000900006000000073004
020030600300640910084050007009004060100000000800013200000000000000080000000701034
840302000100000096750006002680000001000070000000500080021030000400087000500201600
900001080000023060500400009070190304308000000010006700106040000430000000020300000
007000209130000000008600000310098005400050006090004021070000308000901000009000600
503081006010006040400500300005342000000605700100000000000050081000094602000800400
100080046205010000003600000300700601050060007009400000006007000720900000000045000
000009008030415000000000000820000400003700500600001002086903240000050090004060001
091005068608000053040000190000700040000200016080060900000002300050900000200104080
902870000060000000000904000400501600080000000500000004030005000000100903257060010
391000007520071090007060250010000000204000009000908000000006000450003060900800034
008007000090005020403000600109002000070040000006708000002100500060059008800204000
008016200001000000000592078000000053000000980000700000016070000005900006809005321
000030000000000004000009006208700360900050008000304090785020000600000540003600200
000200500010470098520000310001950000050800030608001700004000000000008900800000001
000600520000030900100000040003000005240000000800070260090008600080050031305120000
007200000002056010100009074809034000720000009005000000000602800900070000003000060
006018002000000000000300059010090240000604178000800006000000060900206580007980000
405000000000000009001000030900000060060080004800204105620017000009030001048920000
006208000900100000000097000400080602207609030001000050002005006700810000109046000
000014000040602030027080000001450000080000600005000098000070820000300100006000005
203000000018000402060708000302051008401003007005900000000080026000000904000090100
000008030000905048105302000506000800030000270004107000900000010000700080000000703
769000000000000003010000290000020067000900000000500142603040700400709005070680039
400390600800200490930080007002060008000400960010800300000020000000607800004005000
076000000000080060400009001040900003200500108100700000900070200530000000017030000
002800000000000005600000070074030020039050180008200400000096000017000006000340000
032007010006000000910000003000009008007602100000400200009800401280000009604900500
750000009902001340040708002000030006000900000010000000004100870000000050000860021
400900705000705820080040000610000000300050000008007000020501070060300010900000602
430006000001000000070100080208067001000050200600800039083004500009000002000009000
005923000062050000000600010029084050700000000008509000000000009000708000806032007
060500000000800050001000007800000090004200000902008001408600000030001740100483900
406309070090000000703040080051800700008000000600000200000783610000506000000010520
000004000000070003000951000708000900300100020010002600800206000604007100270040050
000000200070800000048601003129700080000003000850000000400009100900030006000068902
030040000000031820168050000000000000001000042329000705010004370842000000700906000
080600047100020000003510000900001000830905400000000860007000031000000900000000200
000015000000900000000300500008500670000009200697800030080020350100000760020600800
010000000307000004902004570200800461000000058000600000060935000000000830000000705
005081600060900200023000009000008090750000000009000148000000750240070000080002000
030050069004000520002000830000064007000900200008000600300091050200503000040006100
000005280020000076009804000006000043000000602000307500960010300000030000300750804
630028000728000000005000000480000006007006000000271800509740080000500043100060005
042060007050089200080050609000500802070000300400000000090300420500700008603000070
000290000600070800000003050800060040020300000300050600704180000091507000000900100
504008006003001700000006030012000000000000009600000000170080400005300907020060050
500301060430600080002085010005000020000000040000900700040700000908040603620000000
000000090000000401002090605090003508001000030050000040086500200200074080009100000
230081090600000000400600027000200008002000009180000000050000000819000563306000080
006300010070016030000007009718600500093000000600000004100200003902000005050490000
000590020000000400300082091001470008000000600970000003000705100000060000040910000
009008001004600020500029060000070005010002030870000109400000003050000007000030010
003009050050060019078000306830000000001580400000402000007108000009050007005700000
700305060005026001420019000001003807300000000060050003080900104000000080640800200
003000004600509002000000030039000000040000008206000041005012680002304900070000000
000074000390602000000000100970001000200000500016000030000043000140097083002008010
000040000609503000050087000402700000080010009000009400008005027006000000910200000
008210000470000062200600050100360078000000000800050304000094007000100030000005400
000390810902060400000804000000907000000040050000006200000030007209410080058000020
007000903000410000290000000003070100800190000500008000300001020908640000000005000
600200007041700000500010043000005002000009610007080900000000300000000075400000090
000974003000010070400000600000300010090560230610008009500230090000000000700106000
070140906040006070005790040010070200300002000408010000053000708001080000900000003
000093605002000009600207040083000000140089500000060000010000400009004836000050000
406500007050080029000000008000069010100405002670000400090000000045000000700001000
097400018000006400040501609006000003000008004100000000700604000004780206800003007
000000009008300000046090000007802413054007008200000007500109200000200070000400600
000530070102007003000080900000060040000000200007805000000000006500004302860003714
420080071070600090000019002000370000000000003050000080087000400041000005500021000
000005309000010420630008000005009810700064050080000000000040200079000000310002500
002070800000480000100003000050006290006004350000730040401900000060500002000007060
590300140000900000000008000803400006060002580007000902639107000000000000100003890
090700410200000007000300000000102004300000600602004850000400500500009162000000003
000004206000860000000200107034000800080006005020080460000400000000759000057002001
004070002000106004010490300070000500940700000208003009050960000090800100000000000
005020090802030007106700005000000100000040000007501028000008052000000600000070901
006090500008000172000700009000001000800050200000647058000304700520000010060005000
600800000040017300800240010503000001760020040100090602300600000000430000002000000
000300000082000050007020008001905000008070000730146000079000000200500000050402073
080400059740000200023000670302000000000001000400007030009060005000580002006000080
604007000000002060020019045100020000800005000052070014000504008038000000507090000
050093027700050040100060000000000000006548000000076300207100000400980060010000500
003010000000809400007000000300004502890501063600030000000045006400302090105000000
320704000040020506000009000700000000000900053000016090060050007200000104000078060
100004002030005400907600000280000360000500200000000001000931000050000080001700000
005008030009000050010000600306900000070200090100450007000000000607500009030002014
000790000000600000000010080009150020008004006050000070010007950004300001903020008
600503000000002000100070000800400000003009000019200806500010030740000059080000104
001600080090017000006820900000092005000700010160000030000000090800070042700500000
000390500604000070002480900000930000006000100100000000700105000059073020000020700
010200000000806092000000000960400031520000069030069040057000000200347000090000000
052000001008700030300000590090005600200000000065004273106080940000003060000500000
459800030210590004803000000000004075000062010370100060008007000000000000005020007
071560000002030000005400000000080307009000050000000016080320001900010702000008590
073000000000510000000370106034060000050730000000900000040005608080200507900000001
000000004050000000730002806090086043000100070200000060500010037004300000000059200
300405000800600000040980160207000090000090031090010206005000000000500000030070900
205710490067020008910000002500030900080000371000804000050000000000093000003102000
000064801000200040000000207020570409037000000009302000000080094000000570000706002
000000006789000000000000030390008260100702009050040080030050000006800070200004000
004093200070000000000807009025009630000000000803016070500040000730000100002080090
700100000090005080000000700350060000004050800069084230002000059000000160045600000
030090070000510009000002005908040002070209601160007000000071900000004020000000080
456000000000500001000030920810200300300000000007000000080310200200408503003020090
170603900000000000000804010002001800008035007790006000000400008900000000583000209
026804000000000009300000870097045020050320004000000050800000436000070000060400790
401800020000000009000005706000302000090000007000060008089000401004059802005006000
090050000004000875000300040003500002000000030400090000165070903007000200800000051
000381000000000004010900050800012039000003501060800000004590067006700010000000300
086200190020100700005000004600000040000007001900000000004000800009300052500900017
200890063080020010400100002901000000000200090030000020300500700057006000000003008
070419000800300400402000600006000097000651020000004000000000000000007130005296000
000000896609021000037000500004700000005000064000590010000000935070010000060080007
000000300940030007005208004500906000100705000007002086000007802200000041000000970
009007000040030060500209000000401005000000096001000070000020304000000050003690210
790002600061000000000080000902000000084706230000000070030000004000008100010057906
000508060080090213026310000000800000003000000000005020500000740601730500008902006
020400050936700802000020000400003700800001905300900410000000600009000000607190000
000350080026700004003068000902000000000000408041000026397000000000000050000000042
903000070410060500060700000000004060805300007040050003020000900000000000358012000
020004530080002409001000000100709000040000060008000003000007008000153096009020150
021705000700080000000260005085000400400070900000800020006000000000009510302000600
050409026000080000002106008001000304609700050700040100000960010000504000500000000
900030000600090002040080670000006030000000900000100080069052800100400005705300060
080400000001900670007010009060000301000090007503000080020030005394000100000000240
090030080018000600000000709000009008002000060736000004000500030020007041850001020
008007100000200036000003000000002010023900008049300500007015043004000270080000001
010000608050890000309000270035009000000021000060043150007000500000007040000000300
090000000000813709030079020000420610000008003000000000502000004640080030300005180
300050006009040000850007032020000003007304005601500900000009040000002000000600000
000030001200705000060904000000300400000007010900002050018000004500000390002056008
503100000000080003080300124040009008190000000000000000800006940010000600670004850
002100083000004102400000070069000000300029041250700000096002000000000709000000028
000900000000006503000057000000003000030070826050021004009800030021300060085002100
020700010008023607030080009000005460000000083000300900000206000005000200700450001
000000800500000943006073050309000070010000400408000609000001090000200004761008020
100403760000260010020900000000000805000030270000045000000009630050010004607000008
740908000002010005003020000000490300900000070006835000000540001800000000060000230
901000780500000000004002001860030000003000854000070002400090010057000309000004200
009100000030029000060080407020000000406000000000345000000050700340802010190700000
420000006100092000800060020600000030051000407004970000090020064200000009000500000
500000100082004900040080062960500870120030054000600000000006020000000000657000400
000890000001030006090500034003087600600420090500009027080000000700010009409000000
000006104000201000000050002000070930000534008000800000810023000402060300950000040
090002300510000406020030007300200600000700000000000001081000004000040000600095108
000900070500003010000000098020005100000209060800030000001008300904000000037000406
000000230000020004000001580130802009006014050507900000008006000000000007020000145
005100030098000050021000986000000000000317800009280010900500720200000093007600005
000700601000006090200490000000003000408250000907000006079000000310602007005000160
200051007000000090050080000004000000308012000190000700080090000070006100002038400
090000167004000009860000050200000004070402800508000900080910000005000000000007593
003048690000000410000590000700020300010800000008607500000901000000080000090006720
900000040036400100850090000020800000097160200080042000000000003000503020010026070
000600190000840000000007050019020400500900007804100030006210000000000020000005070
807060000051000007000000000370010000040058903009000000000809540005600021030005090
000000003003000089102900000870630000301009070009007601600070000000460005045000000
070000204000000039410000060007050000280900056000000900009008000765040001020007390
590070200000094006006800009080100000003200050607000004700080000041000000900006300
000950720270040010010006094046300079800000000001420005000000000060000100020007000
000065420300040000020007500008010000137080000000600030640000000709830050000050700
050000108604000072001372050002000001000093000009520000000008004000431000000900500
830000000000690050007108006009500200000030000000864015403005008280000040005000000
100905700200000000007000006080009063020050040003001809760000080000002050800000002
800040039007003160609000008000000600000570010000004257000720800200015000000000040
000109000100004000000000008400000650020300704070501803780400200040067300602003000
030000500010400090000000000026340009407900031059010070000060720000802000002079600
000502063000030780070000000001209000400007890000000005690000100100300200005180600
020450008000026000000301500201840000080002003370900006007000000050000040406200000
090400100000607049100000506000020061000000732900003000004802000000754008000090005
500006000140820060028000000006004518000098004003060907860030000050400000300080000
410306700097000803600008010069000000130000000004100000800500004040891000000002500
000090000300004060709500402000000310003007609000060070480000005000080700900050183
065100080000054021020700940370200000600000000084000000050060409006028000140000000
973002001000800000040053000700400000006920400250007600430000000000030060001090058
070290500000076000089000071000040009005807000000001000006000140094500008127080000
602000058500008300070100040800031000204000060030070005003947000000000000000065000
300000100050000800276000503790000300000040260000071000000000085002030604900400000
300000000900004300006000007000000805000037002000620090070006000103708200095200074
001000900000050407300170028000800500046700009000009800038007000005001000960000000
910005047060000500403710000000000001000002000800000050009270000001030082630800900
000000070020103000006900000010060000050890000300074000500000640000020900908500001
007000600000700040050460010020000108600008053900630002000800590000304000060071200
980000040030000000004020700000003801053480000060250000001005300745000009000900000
210006000008001000090078050000200005300009107000000620602005040580000000007093000
500009430800207900040000760050601070900354000000000600000100200710000000000938000
005036800472000000000209000500003100610400052904000000060000003000310000000085000
000060000000000038324000097050008020009006070061040950000031040500000000000900100
000000000052097104900031025300620000000000087009000210000000002010004000200070400
100000500000608004750000000000090200000700000602800150095003006301009000800205090
800003100000400000600080040000057030000360052090000000500172003200090070000500060
000080305000050000006000800608070004009200100007000003400320080700940006100000002
000000082080060000000285630270000504490000001000090070000500067000008400000741000
009004030057600000200300001085000200030060010000010540060008709008050000000000005
090000010200610308000030005120000000708000009900405000000004700040200006360800000
000090008000000025003004901060900000017000000352007060608000094000020500029600080
080000000349000002000000007400060803600000000028107040060089000901700000000305090
050087100009000060000000204070204008045068300000005400001000000000050019603010800
400000007000310008000000090000800000002000050300002761607205004005400000020708003
900560018800207405000008970070900100080702500490000026100004600050000000700000000
006000400000403510203010070320700000000000091407800000000030850000007020900000100
000010062000000008000000710090000007074002003802300900008074000030106509040030001
745000601000000090000000007400000000908000014001700506003806000020015000010002030
000720000603001000000000000030008002010006000009150300376000905051000070080040001
829000000340000000000000090430905600007000800500010300000081060090000401000004037
060002000000000190089010000000760003000000508000905420000400800408050607000071000
600000000000080072590000601080200940000600700410000005100000208074300000000000060
000800400000170080610000503003004008005019000901000200407050320009000050000400000
000000014300000206000705000090002300260010900070080400000020009800100000150004620
063020540012000730070046000000008000000460000000205010009000062000000070000801900
700090000020560300000004601070001004200600170900780200409020000000030000080000050
530001060241000000000020000010200580700900002004800970600095000085004000000000000
000000084070800100010900003000000300000000892290007010037200069084000700600705000
050060000000420075016000020000006400000150007002003900000000000070300000049700106
700025000000007000010400050860000900001702004900016003203004000570900040000070000
402000000060800200300500040050206300000000900708040000000060810610000030000709000
070030004501000790800000500600102000000060000000500020006000400050000010102049060
002005000800100000530006708000300000090000024008000005006007009001490207400060000
900000000807300000060700320610000008009080015200000047300204870020005400090000050
530040000600008723007000900901600200206000000000000000070060000008400106000915080
400235000002100030080700009003900075260400001000000020705300000000090000100047000
000071200005020060046005080000000450004000920000000000607034008109500000008000500
078050040100020800200600013002000000005000009000010005000800932000700600089240000
401230009020010000300009000000021048047000000050800007600540000010000200035090000
000200506001000408490100000700004000000008600815000000000000000108003005042096700
040190000003005000060000000000002107300640800052907000000300920890000700005000006
050406000004000090000008000000300000300024001071500030407005000630982000090000206
009000050002000000360090000000000612530000700806004003080006000000007004943201000
000500800000000670010090002400007050005320006009004200904260000030080020000009500
500000670400800500000057014000000930072000050001060008093000087060001000008400000
000100570509060000040030000008000000430852000010000800250006010070503600100007000
930000050050008400000304020300020075009560210000013090000200500060900000800000000
070013800460800501021900000007005004000000006000000000540009060000000080009002700
100900000000010058500000060029006700070003280000050400006080004007300000000000800
000000400930002000402600800060000900000000023000180047017000200800090001306700000
000600009000000541000000070640000100500870090030020000060000905002080700783500004
000000050042080000000000903400050601067103000100200070000090005620030700031005000
000000300040910005610240000060000004350001072080000030100690000000305200020000800
000000070006300000008060005002700100031008450000006000020040006509080040040050702
019600420400531008000000000050060039600020010091870000940000006580000000007000300
034000006000501800520030000000460000208000703060000204000900000187050000000380000
006542000000083500400000010002000030009050100000708060000000009000006700000327081
500000000000000009019008400086403001000010090200050003000000650650000008004090070
400000000060005700059000000040300980900100000016007024003500000000028090520040000
000300000090000000000680000000054310007000006050900000016008094308020600700001080
040007000080040900000502003250409071006050030800701500710000000000000007000106050
009003204002740006000019000030000049000000000005004300058106090200080000010000058
130008004040200000200006800000040000000000502507800000000309070079005046020000001
030008090096047000400020001000010008700005009000000000002309010310200607000060000
000203001020160000000097000105000700070042000030000000000506009007004063503001048
308670050000045203000001007000000008000700400900000702010804000270090000090000001
600500000800620100500300690906205000000040003043000209000800040000000910009000578
047010020150400070002000600000050140810003007000078300025000000400000000981000000
050074020000030605013050049090000006001040000062005000300007010900100002027000068
200307090400100050078005260010000900090070802000008073000000005000009000040000730
000000000176004000800003251000000700650000039003090064580000140000000000401002003
050000000100003000008400200500000000004090030073018020040005670010002400732000009
006790025821005070050080000100000002060000000080000150008300009000040000030260004
100400037603500008450008000000002000000705000000019652900870400000000019000003700
200030010041207530060000790005006040600400005002010000003704021000089000070000000
894005021000000000500007069000000005000000100000008430010700900008046010670380000
000301000040080900063000500000826000090400060000000327000700038000000100200004605
000020064003400905070095120040200010060050070000370508200000000930000000050000000
400060001500837000003000020000000980006000105100000004200000000789100460000002097
000700601400800020000003000050006309009000060048002005000000904020004870000307000
600400008004320000030078002005000007080000400706000000003010650010200070508900200
900000030600000700008000042007096000300087204040001090801060000000000078000030920
001000900709803001020710300000000000485000000000002600002006000000004090360200074
700504800060000000004780030400001658000200900051006700000030004000009001030000000
010400207730109060048600000000905000004000008000040001000000030102030409080000025
070040000032000000109000300650001040420000003093005200000000060014000900000009450
700820600009710042040069070000006050952000000600000003000050000000000800316080009
040139500000058090700400180907000200100200050304000006000070020000085900800301000
290060800803000500070900400905040200000000000307000000000001003000802004001635000
400070001000080004300260000002650100007100309800040205003000000009002000000000870
860030240100000300070096100000010020302500600400600080000765004000900000000000007
690000300000075620002000007000040001000000030000006900950204000000010800006703210
800000062010030090090076015053000000000000006008021000324500000001009004000008000
000700004320061850008400020100000000970000600003000018009000000600070901050000040
800200910006000000103408000000000138200000070060001500315000002000000800004300690
054096300090015000001007008080900000900070013010040020000050000000000400060030900
700000008000500001000912040000870004000006000008200975010005009000400803900030000
006359000000600003090001800507008600800073001000060702000002000000100200030005004
094050200000000406060000090000000024000000000102300750000060580003420009070500001
040000600070003200000000008059000400186000007000300010008002090060009730700400002
020000000004070000093100000080005109007004630000000002010050900600708200800030560
000050060069000807100000400500008003706000905003400700002000500600000009007002014
000000687060001005093070000002037800000204000870050900209000010000000500000000032
580000900204000106070095040000000092000800400907060005006400000030000007020053000
260008000501060000000490005300009007000040000000201006400080073030000050180007004
100000302700050090054000010000000000230040006508002700080007000000900430091000500
000000060970000403508010200016047000000200000000901050009000030700080009000000620
000600450000100000080000000106200500095400600320900000000810034009007026000060005
210600000000170300300200910000020730000000000007519028000030800000040679409000000
000000690070000008000600005009801040103000700400370050010460500820000900040000260
006000042700086500900700000000300080000002000000100050309004000508009607007008300
800000005700004000000000900100900008000063070930702600000208006000030180004610700
200600000048000700030524180002069503000000006090001240001082000000000400000000920
240000000600020050000000006000350048000708060091062700960107000000805002300000070
500020376100000000002030450708006000000702000020040000000004000640890003301000700
000940106060053000000000270040005900008060000000280000000001008007000630500096007
002106900004089000000300750045000070100500000000027080301000000000890000700000605
090100000153200000000000005200300000000080000014900000080059013000730068009060047
004870902000061003083000700050108000000506000000900200391000040000000500400000106
000050006050700209003000010006000000040905007000008090720300000000010050001000683
070000000300000000602009004013250060050010000200000009000098300430000907000005410
000710000000508000037000006090070020000680500000009000001000750089000000040321090
000240907000000102000001060500000073000950080001073006200004000300000050050036000
000070001360000508050000030400605020200090610079300000000002040000100200000940070
130007000000000704500000000019004007400009000070560800600008003082450000040013000
009002000200095000001000409000000030000040070030609050003500700050820640000006000
000500904000209000000000037070005140300004070000000068000098500030000000509001006
040020308009040002000000070001000250300000801500006000010200704060830500000709000
000000009084009070001007300005000601400076000030502080800000250020000000900700048
806100020300072508070390060000000000200000009030000105000000050048000000001900370
004000890300000610000000003080900701002170400003480000900000000000005087025040300
010020360000000208000084010000009600602000080030070500089000030370040000000030791
008450003290603050450100800061000070000001005000309001000000238000000040000008700
002000400040108000000900003100082069050060000080009041078000000006005000000316000
520097000001000000700003000002060008000000000098420000850700400900004800000001507
570180002910020000006300000080000000609000800000006700005032009800001420060400570
100605070062000401004030800080060000000900000006100009237000100000000000001850000
450000000206000070000000090040008060030049008600010000014000600900020040860500039
000052700000000300000000005500080007060900004908305106000000800051070009809030600
080390012020000009000000845030670508100050000200008900005000604000700000002000000
009000600500090700000000009006000058020001400000207000150002080800000006040000130
180000002400031000002040067050000000093000080000007000800410970010700000500806004
010000050008000760269700080000000040401007900090006200700100500000002000000948000
160000040004070000005030980037920150040005300600000090006200000000647800900000000
000008009000305200000960000004000702310500900020674500060200104000030095000000300
900000800000030006060000005000300000000006419015700080006090750302610000400070300
040089000750400600012000008087065000600702800001004000000500000000000039090300020
070006000005000000300100000008300000000007204092400803086010050020080300004005020
000470050000002003000980600040000000021000580090301400017806030000000000060040900
005000010006780200000035080070009803400070600000301000003000020000090400000402900
380100097000000100200093800060009708000740560030000000090060000000530000100020300
930500000000060030000000014070900020000050083000070100501400002400020560302000000
000000300000005019300600000016500090920700100000000602150000400002080006079000030
007000630603001080009400000076200003000700015014080006000000301800005090000007000
084000023017004600905030807009248070000000000040060030000086005003005000008010000
306070900800400000910080060000040590000001800047005600700000310100000000000000009
000900040000000000000000579002000090018004005000190604090405006040607000100800020
000070269700200540000003000054080090300050001090100720000000000040301600000009104
000430000200008090018607000700056000000000000940700000020004860070005003000300102
000600120026500090075080060000024800000300400003010000000000000064002009000876001
000000005409000601020140903100200000800060500050000000697050004004009070200000300
050000004819000000300006000203409601000070009400030800070000005600002000001090300
020000900709000080800100006100536700060000400500079000000804000600000000405002010
070000000000000039000030040040000028000005000600042103090180000400006700267900000
400300076105040008800017090034000001020090400600002800000080000200700000000600000
000700001021090006000000340030200000007000500050000120013002008006000932700508000
070081000006900000000005000040006000009000410803509200600800140001402059050000070
000040000420081000006905003309000000000160000510408000200690001030004097070503046
520079003000301000030200000004000960080010704201700080000407000000050040008000106
000005060004002000000400700470100080038900600015020009050008000000000107000734900
006002053500408900180600007000000030048000000700080600097023060600000000035100000
000300080720080000000069000000006010807500090000290000065700009100032008930000074
700010035000700009040085100001006000000090000270104000030200000169300000080001006
001000860000000000002000004030010700006802030015300042790000080003070009000100406
904080070003000800000910500005308490000002001030150600090000002600004000000000003
000527000000040000570006010080915020000000000300008090060430208009000600700051000
000900400500400070019070280008000190903600000000004506100540000070000001000080000
100408250000230018005000000000700600970001400402000000000006730050000000000007086
050030020806000001000001040000700308920000000000000090068007050005096784300000000
460070010037005008900002000000000000076000000510007004000260700040000300005031280
000000860030876124000002000908000010264003000003400000006304009000008000000607050
020500000006108053900640000000005000400780210000260008000004007030000800000002100
000000010400070300009500000360001290000000700084006000000300000900020050805960004
004000020631070040020000000050020400000600030300150900089002000040000082060300700
000600100200000000071800362000200039000097000509040001000000405000504200000080090
406000890000400070010000035003000000008002009000000050030009102700064000029080000
000068003203000000000000790008000179000030800009000004004000520090504008010700000
050630009091085030602170050040700280000000000205000003406000970000000000019000508
204601000063200090790004000000980052302007069000000070100000000408002030009000000
850021000001300000000090003000700000034080260080040000000050042500000070090803100
030006859040000006607003040008040000090020300010000000150000060000050004903060002
000503001700000300610000007000200705000680049060000200000400006540009000200008570
985200000130000000000805000000078905000009070800100000010000060200307040304002500
000905000000207054000040006047802600002600000090410000103000900000000740960000085
006042070090000026405060901078000000004003892500006000000000004000000000283000005
009500802004002006060009030400080000050910040300000608070000419000000300005000000
007000200000000050000006000700000004300081000800234005420800071100003502600500040
050300000439070000008091200000615070072000000000040000000000860006009420905000100
003506017807000005016084200000000050300000406009002000000001090008205300000630500
700025980000000500810000000000004708030901005001500006004060000320000000067000200
200000700400306980010980004003010000080002000004000600700068200050070000000009400
019000000503000009000008020900000034080020005004000182000500600001609500070400000
600400000000009100002580000500600070103000809209007305800004006000100000000000093
000001030000000020000600504000040280008970065040060700061205800500400000070000009
000003100700040090500001238000000000000106702000872310000500009901000020000000460
200005000305046700040032060000000001000000457080000000070094085006008030000020604
000002005002008060700560390000009000000000500010000004200905030098100400640200050
900304806140000729500000000000600000000073400000000000000500070080960200020007300
001064590000305012005070304400000030600007200090001000080000003009000040024000006
200054013070010609900000000305000000000031000047005000051400072008090000030006000
200000700034000000000230000700920006056001000000800305000080900010000430000079200
090000560040013908060200400000070040008000000100004326000032000200800000000950000
007000600090007204000618009041000002780026000002179000235000000070090000900030400
000020000038501000000034060074008000000900040006050000000000891560080300003100007
090860002000007009170000680512000090300000201000300050008000100000000070209600004
057026000000000000026504090009008200500000047010060038693007000008000010000000000
020030140000020000000105807080000500210007603003080210000840030000006000000051400
700042006090080100003600504030000000000000000805406000040270900000000807008500401
030008701205000009000000300006000902403600000750000014080105200000900080024000005
050000060000020900030000400000704090000018630100600080070430000000009800940800200
000003007003000280000018050081906070090504000602800400000000120000000703009000006
000910840001027500000000000004006290000300060009702350000000000000079016040080900
000200400000750001005031900502060040030007000000000100081003005003000200000914300
000000050000700000893000010060000032004200800700000549907000000600410090500800003
071290000006001825005600100090070200050004607030000040000000006010000500200003000
403090002007102005000700000070310050000000609000009800050000407002040980800000001
000000900070650100103000004384000059060000080000070000058000006000100230000400000
002000004400000057090070000000008001000960040000051000075800132003000000060005900
062150003458003002000060000005000740900010080000000000040500060100074000090000270
000200501000014960000000040090080030000607200008100000076000090050700800810046070
000001005040002800000703000009020384000000090000000201900000500205004003710590040
050000209000000056031000007900106320070400000040500060304000000002000001090080000
180070005000000000000000709300000100700024000002650000600008907040007602001300400
520400170036000000007000600000000000068040000205708010700106830000002940050070000
000000509000070430000000001090300010630040050825009000300907000200054097004002800
040500090000406002000000700200700050700009300009003001800204000000000003003100026
420008100150000007306040800000600001000009000000100632000970000001003705000000920
000010006006005080007480000003060000090004001000090020005023160002000070630041000
870001600051040000060503100000010007000200000010080000000400090530060004200030008
003010509600040300040000016075000003124005090000800000050000900200000068901000000
000900006000213000000540000507000040000060008000487010600050072100000060090002400
087006004060000020009203700503090200002010045000007010804000037000000480000000000
900604001000003000006820005050000000000051000060300009000000830007000090001040027
200096000000200070000040000000000013500003890007002050019030700040057100006008004
400000006200003005000980000008004900004060030901000027300001000600570100000030000
093000000820050000501003000400007000002830500060010000000000600000000204675204030
010008000030004097000100000000360200090050038120000750200000001008400000760500000
000370100000086430000950060020100040400000809370500002012000000000600000090020000
703480000005000200048005000000060000930018000017000030000000000070540009852030007
000017009050000006800000030003904078000705020200030600600040085000000060000100400
060210007700050100000009008300070000900000020200000500003000010189000600400600703
250400009700000050609000001800005030090000004000203000000100700974000605500000093
000000000007460900602510080080200000100934200000005006000020300003700150000000000
100720006800906073000800000000000500000000009002300860000009000796004002280073005
960000000042000000053100004100700008009081402200940600006000087000820100008600000
000090401300000028000000930010000050005020097940000200403089500009070000120065800
180900050972300001000070000000026000260000500005100000000050764027400093090010000
153000700007010000000900000000802400406000180030490000708600010000548000020000060
040000050001069080500080610700004100000600800090000402300200000000001700060390000
030018045080002300007003000000000400903040280070000001491000026000000000002000050
873000290009000000040000000030700084005200076000046100050000000090800000002014300
000009002530000060006803000903000000000068004020007010001000000450000087270000650
604001800901000750800000200100890006000103000500700000000572000710300092000000000
400000009080000007302000400000080000000510700067003090904005008000040305518000004
903260000081034000000000005450001960009002000000600500308900000040006000000018400
106000400830700060700000209001904000240107000607080002003015000000000050000000700
000000000460002000035000000390001080010050390000070040700600500009000400580309200
200508000009600052000000003090400605100230089080906000005800400000000000000310060
008003052000000060097080000000400003400206000800731600000000030652000800900000000
004009007006008300801540009020007000000000000000210000908030020060872090000900040
013004600000710008000000000009007060608905003730000020300001000040060300005809000
510080004079000260006000030400500600000007000000091850000000370683000000050010000
108000020007003100020008036000085090904007500000940200010000000069000000000000065
009004000423900006006070000200000103000000000901000200010040005080032009300105047
031709000060500300809006500906028000000100000000400870000001000005040000720900100
030870400004060080007053901000002000086000009070000000490000070102900840000005000
002090700000078000340001000010009000000620030000507060009006310070080006801000050
600305000090000000003600000007009130000002500030006902004070089086020000105000200
100000870027500000600013020000600105305000000004080000049300000000260000700009000
075000060026705180001000300000010700090302000100040000700054000000000690030090058
002100780400800052080000000006700304120006000800000009603510000700000900090000000
003090200900087005001000080000000000000500000100060900000400006024608307007005000
000020001060090000000000070000080090000500806008046000080300017150000600700201340
000170520006005090180020603704000000030000000090000084000000009312000000800710050
000230900600000000103090008400350000050007040020001060000106000970000000008040000
074000000300000080860000020090017500407809000080020000700005003000908051000001904
000000080000014500000605730500470000903000000000000000076090028020046050100200390
100086240700000000020000369006000000831000070900040000000000680004000030507010004
006980030210003600004020009050200100700400050040000020000601000008000000020050003
040026008030007960009310007004005700020000000165080003000000605000000080000000400
260001000075400000480030000300200500009010260000000008000003000010050000000860704
003000000190000000000710002000400057040067080000020009004070800008006923602390010
000000020010320086600090501104207900800003002930080400000009000000600000200170000
007000503000000280230000461008001600409200000300006000083000100700000000001570804
090600000007038000200001000700000083000000250046285000065400000000100000900062000
800007000096000502057000009100020000000000210030804050702008030000700690000001000
003701002200900000040000157520009000600000409000060030000030010000000900000000820
038400200700900001000300050500020000962050040000006000806000007003004000200030000
000103600000079004005600001000250800000037006080000470010705083000000000000018907
400080060000004001000690000380000502260070084095000100000100000000723608500000000
900010000030006890600000104095000007010720000200900406004000209050000730800000000
040800062000040000007002090006400508000300000000107020900000837000083000020600004
000396000900070000008000060000040080000735040000902010030050400020000005054027001
810026000000700002000090000781000600400000008903600001000500009050304070340002000
000040809000090000200100000890000007306002004100009603000401700074053200001000006
904008701080000030100503090000600000020084000070090500000307008700000600000040000
924000030000007205000000000006080004000000001703000960807030100041050000050000002
890000410053800006000012000600007001487000000000000280906001000070000000010060309
900730608008200000000000003400600900300008050025009004104000000007301500060000000
400000006020500010300200057007000190030004008090000000043600000980000002060000803
010000000430010002000205004000000000001720000080009000000907026600450000205008700
000010000040000860000798000500140600000000003200037490300805002005009700009300080
702008000000090000000270040400001008200800030090340060307069020500000004080000093
097000001000302608200070000300807510001000000000000003000001249500930700000060000
004089001070102300230500080410000000098700000050000138000000060700000002000020014
068005000000029060000000000000007090809030007300092600004008000070400012000006370
500600098000003000401090020000040100700300085000517000008000270200070001000005039
700000010602500000080070000000025000006008002040600030070096000100050008364007290
200080000801000000009001000090406071000000000037000000000602017002078509300050006
700090080000072034084100700020000098500000007300920150071306000030000000600000000
758006000400000000900080170000002010030010020000075000020008500086000090009760800
009100004070000086201000000180520090000000000703008000030000915904006320007000060
000600300200000008080431000001000730023050600400060002000000500000902001000084000
089000600000006037706002800000005000000340000000000201050080904070000162410000050
015608900006000000000030100300005082000800007000097000240109003000200000900050000
900107004200084630048000000082000005050000700000309002470001500800000007001000300
000000028030600000620005000006001053700360940900000002000057000500000000000294010
000051090000700805001904270498010006030006007100000008840000000506070000009000000
000000516060010048400000700000690020000054000104000070802000000003008059640000103
009500200030017004280600030025000080000030001013402700000000908000000000900000103
020005800197080400008020000006000010009060030000000000080003040000071500604002100
200000030900500800000083006000000710097201400004000089000900060300807000072014000
800000005069000031500010920610000000007030052000000709080700060100000000705200004
708950002000000000060000407084003005005008230910004800306800000000000000000702500
020005001091000002087400060050017003000000005610000000000000047000500020003048000
070040602000107500000950840040005203028000090100800000315000006000000000200000000
690001000030000800000050007081003004070000502050460090000178005000000000000090600
600002050003401000080063000200000004150740008006010000000030000700500020400000009
000000003095000800360201000002010304070400090400000005109080200004000006000000100
000000000800620790903100080060080000010470050000002806120000000000843205000000000
062750008009000204700800050000100000007000005600080000200003400400010890000060010
002000000000600097000000000005020300090005001004003008200070405400080030803046720
050000020600009801900180530030015000402030008090002000000070600000000100000053700
670000030000000100000006009000000002506001704020700591090002000042090007007038000
000000030700020000600000074200006000050010007300000520020068400005190060800003091
098420000100908050000070000040830009007005300006000810000000000000780140009000060
409351080800002000000080941300000507000000019500004000000010090904500160020400008
090008000280000060005620000000205300158704006003010000400076100072001000500400000
000500000050014000200760000000000910002093706000020800090000040000045000805109600
201060800000700000058000910100007005760090280400150000043810009000300020000000000
804300200070000098000000000900001023000000005000027460002080041000760000000050700
000007038000020600070890500040001307000000010000509064000300000210000800300400750
000000249000091000000004380820000700000000010000000605600280074082700000049500000
000004001300615800000000250600790002000000170800000600040300700030070000200100385
600000040002004509700060103060723050019005007000980000140000070073000000005000002
090000004027040036000000000001020500200000008069507042000400060006035090103900007
070015904048007010000000050050000000367020000100300000003004000805090020600183000
081006540450001000000800700090308400028000005007060010000000120900000370000004000
670000000504206000012070000000680700005000000930004002007000090000403000400850060
000207900250408000000096000000000006000000480408100020600500204000061075000900600
000000601120056030000008000008009000090000000014003000600080007043200090009000508
075300800001020006400001709060000003000000180000802097000000002009205000000007931
000940500000050003000030782090301004067020300004700090035000000000210007600000000
100000002040037008070080600680000590504002000000000000006050780307000100010000004
140009000009070004057600000004030070000708000203000000030160000010004090025900301
009007304205000001000920000002095430004000800070083900050074000000530000000000006
007083200006170008503000004000000050000000017010900800005439000060051390000000000
000000000709000800806000720300005006000800000580040907010004600908360410000071090
081000230009040001006300000000005060000108000004600050090000584840530000020900000
004009010000600002583000900001000060060000040070160805092003600300000000000508021
000000780500000203300600500006100000009000850800000900004060000000403092103820600
080647000049280000000000000070125090000000000001078000200006950093000802700400310
000009050004006000079004010910070080300500074500000090000060100000300807006002000
000000960007340000040000500904200001860030700020000090300910050000070030700000008
002700000310540000050063000000900580800200004000000000003010067900400010007600409
050740000080900040902000180005400010006010903000230460100000006000080000000050000
000000000000968002009200050005070406063091200400000000000807040800040001002000098
200406000600800701001093400400100000509008300006002050000000600000070000004000510
604000000000900420280000000100000307093000500500820000000007000006010749030000100
008004600000301040000026310003050900400000000000600800020400000080010005040790180
000000000000008200084700000069030401002960080700001000820070100010084905006300000
905000307018000600000000200600002100009087000023000000060910003000608020000400500
200078010000031700060090840000000005300000004098000000020000000075060000009084001
047000000290000840061307000000780009000009008000601000002006305900008016000500000
026000000710000500400000007004000700030000001000050800100078350003042000870015002
003690051500302904002400000080205003400000000007000085809040002000070000004000000
300049000800005701090100600700300189200008000030500004000001006000700000000000020
070300010309004570500020600000890000015000080000001700000002000002417009000900008
406000007080070010000004500200800005105000003860000200300000001000000800007501024
000480901609000000500206700006900400000017000030060000020000003841750009005000000
600000050000000000000009746000000527508020001000400000080003270000067090300150800
200500307041000000300029000600000000000700012000000009070460008463090070009005100
804007000050000000201000000005400090000980007020600035000000000000026708130809000
008100500070002000302000040050000000093000087801090300000400050609500004200000698
740800000000200000050000000028019043900005100004000005000670400837000001000000059
000040200000100060001006000006402800080300050000005020207690008090001007000830400
008004200000057000002000000094000020000000340703001005001090004020746150080030000
700000608200367005000000000030002900049700000100508000001030000020904000065200000
905000800000004006000926100830000000500009000007800000000000400710250009008100035
208060000070800000600037004000000048000020000714000006080009070030058090090003001
800000040000520000100000780008900070604300200920600451400190600000000914000000000
010700000070300208840009050085020791021006000000000400000000000000890040098260000
602000000000800000000006040007500090006020081080709000051000036420000007000031904
000005070003006501000000000000410905005200080290060040700000400056000000048050003
305009000000004080740300000053200000002060005006700004084506900000038000500900008
000000000862000000430160000000627000173900260000000009200809001000700050610043000
000026000170045090320000058000700500000009030000052700000001000500600010010000873
000000030080070500407000209050300000900010000200600000700004001004280760029000340
001000340620190005009000000000060080000001000070084000005710003000405020003000060
000070304000600015005000009010005008002003960030460000021000800900000020000040103
000090800006070301030280004100000000090040000340000000007104620020900108000700000
000020090503001068780000000000070800000430900000000050006700043005000607100002000
000104065002050300040008000006071080000002000850600020000000043000940000000807010
481050706000100000009004050007000509840000062000200030700090000300000624008000000
020000300941805020500000000000000000080090003706004000005010080800320049490050100
003008610610090000000020070190260003000074180000000000000700035050040000000001900
070006080050000000090207035008050013007030400012009000000600000080000002000000950
001000000430090067675400800500200930000000012000004000000300100056072000109040720
040159300000070805700000010002000400500093020010000960604000000109002540030000000
000000090007260000000807030090038000000400060070900408002000300003729084000000705
409006520200070000800390000700400309040003008060207050000000790000000004007000600
046000701000000060010075048030080107600000000000000082003000900864003000075240000
400170000000000200060328500020000080390000000001040900036002000000009000780600340
054000090790000060106950002003104000500006400000380076030000500600000020000427000
900060215000083060000010700020000100006370000000000000700001530802004000000050890
000005800700020006010400370100080200094032008003009051007000000050000130080000502
040700003000009670000102900000036180108000000005400030080000201002004060000003890
060000000020705041005003000057000000000004000809000000008060700300010820000070904
006803010045010000001000700000560000000329000000000000010400060890006504500280001
400201790080006020900000004700000002063007008150000003000065800090700400000000000
003800000000016000000702010000250060041000070700040305000000007070061000020000846
094000026000506000000740800800000049750000200039000057000000080000492600040015000
316000000700001200009000000080706500000203007040010008000000420078000300030504006
080614000000000000061700020008000090520001003000492000000050000200963000750000600
035009070006000000804006003970000500000001000003040206000000008609102305000000021
004030709001005083090200014009000000000010000000384000007640008010008007680027000
002000035000900000003002610009000100010090008006004002080500924005000000670200003
400009057060000300008100600050072000020036005000000000080000006001050890642000000
000020310010703084000000902000000863060075090040000000076400008089150000400300000
000810004027900000030405076560080002701000060000000140080000010000500000600000030
002000000756000000000085074070000000090640005010000000900360010020704030000810407
600007054000000300000205900000090006000003005020000100009400001106009040038006200
004070900057300000010205008008000009205040070700900000089450060001000000400061000
000000400100030028280506001300100200000070500075000603000007306000359000000080000
000000800402509001507080009050002090200608030003070000000000008000041075000720000
650300800002040000000000070900000600318000029000030180001000000280000003004250006
000000190040003006000070000000007080000010300000098052807000400600085900930004070
000107000000040000100698000000000000034800700790513000001006240950000006300020009
109000042000708010300000800000080300040030658090002400701000000005001000000600000
000014030435020000000030000700060054004009300026000080600098000000400000813006007
020090080010000504070000003090340002540621000100000000000000708000000260400006105
000000000950000000100060000004300000000050260029400850000270005006100007700008490
000000000056400197000051000000000006090000243300007050410800000078096004005000728
300405076400830120700200000249000800108700002000008300900000050014000000007000640
009078020006040005087610300100000000000000090002000600045007003078095001000400000
905070000060500407000080100500030020004000090209001074002000000807000003600007000
900600300000000000000350802604800070000000541000000000008407060009001000006900207
502000700098000000700000510009000020605000000000700100420003000000601300800502907
000410007007000030090200400000000000003600800000000103405300010900080600708049020
890501000406000098020000060004002307000100000900475021000000970000097005500000030
005002006000100084004068020510000002060800370000070005300010908006004000790000000
508090600630400900904006100400031008001580003000004000005900000000208000800043000
905006310030070400007009050000030800700051000000090000000804000420003009506010000
017040500000700000830010000000005807003400000060039402070000000008960000109000025
003070000700506000016809700050000300600100000008020600070300005001480002485000003
000000300000400001005800600507046008080700050010030700000010006709000030000300582
000000079300000000050968400020100003004000200600000005506309007007001000091052006
050010400106040900030000600070005020004028090900700030000006200001004080700200000
000103000400700058007000000000029806000307920002000304800030040005600000000008201
900000070200010009030000006010000304400020000600507200100000000500008960090060020
400805900050070160000602070040000000100000000390006000020391000003000090800500406
006000080080000037000230060008090200040000005702000000600500000000604700503082046
001400000790000000230700000609030701000809023000600804002000000108520000073060008
000030005240000160700080302000070800000006001000509000804100000500200703027050000
000100730090006280000520000006009100400250000000004070030015040002483090000600000
410300006009100074000000005000000300068900020000024081020400008000000600803000050
000000090580007060000001000000160782000920040604005000960700008078400051400050000
000800270450006000000000000072000405000604190140000003010350900000900800820010000
000000008000000020840000500070200419900000006003070200026019040000050300081004000
507003100400008030000460000001980500900000240080005000000102000300600900000050000
000000008300000000006720050000005900810230006400907010604000090000000704750000000
650071004000020000071000060000000000000832000800106000506910000020500049700000680
050000690000003701100000240000380070900104000006702018703400020600007930000000000
000000800000000020605080004020003790070068000590000003061002570000570010000109040
720000054090060000005030000940000006802000000060000020010500082500140603009008100
400060090000200007000000438020500780130006500000800041000000070800000010001405900
000000900200005000074030000750080004418000020000000080000890057500000209060203400
461005007000038000000070600000060000200007000000020015078000004010054003600000500
000082006005000102860010305080700000000639000093000400300024600070300000004006000
390400087026000015000000000640000008003000009050030000405006000800500090000100062
200760050000003900000012000064030009000008410800506002570000000600000000132000700
900000100030000050407000090090600000200305010306100200000040700108000940000907005
094000017003004200008000500040081650601009008500000000000000095000900800076050004
800000209009000000020008370000000736000000020506000080307590000005000100601030400
000710008052000040400002300000180030010900085003005720000030010000601000000000009
090000100006020000241080090803000007052000030000310004085960020020400768000000000
060030100005004000910070086820100007000080000700000009000900604400007000100060000
507000080000080005000000000000800040610004500703096001100050000050300409800070006
796050100040001003000406000021000900005003700080000034000709000600000000009208001
000100600209004005010530800000460000004025000070000000901070000006900000050300201
000000000650047000070605000007008106300000905009053200040000800000130000000502000
007000095920000700004030000160000004090000070000910230530870020800000050001000000
140070060009000002003401790000090000000240000020603000610300800300008100087050000
052010390100048500000900100004000000207080000083009020020605000600000000078004060
620830000010005000850100309000600040001003005584010000200300000000020700090040050
706800005000000060000000100000500000060701003000002854100045020000000008470200306
320007006000800070900050000000008005000031840000240300040000060050603010006090000
000001800001800029300900004078000956100002000400000030600210000804090000000400507
800000000000000700000000009500100000090300856004007000609702001000501030070630400
007000200100300004904000000000120659500800000000040000000000090300004106459000083
200100030000840000009007008045006070030000060807003140500070000000395000708060000
400000000000678000090001000870090504000000090000864000060900705305000860000200030
007003890009000006060000070005060009800010030000000207400008020100900000008076304
090020600027040008080107042300005000000300000870260050050000076001000000000504000
070130060800700052095200070007300100100008000050004600000000016000000085900000000
400060000705100009083900506000000800000000065000000271039700020008010003040050000
006509030003800920090000405000620051000080000000000000001302067070460000020000010
000300400000267010000040500040000605090000700000092003603009050005000108700100000
380070005004000370106000840029050400000300000000040000500298000000100000800060100
000000000120080506030000900298300000000070000740009810004001608003900040050600000
000000000000000060230000040000400001000619070806002500080704005309001000070085010
000002070008701025000080940020000000517000000000400300009000408602000000480000000
090030500000000074000500008200069010000800020860400009000100285000900000500204700
800000000900301020040007809007020008200030060005609010000000002000913050000000793
900803700080510000006900000000007008000002060042000003810030900520000000400000000
008930050205001900000000001089007000710060030004000610000000462000000700400000090
200004030600000078089500200001090000300001092900600050008000000140000007000030015
000678005740090000000000006008030900900510004000800710000000807020107000000003020
600190000300007000050000010090065000084200007000000000009740050070020300506000008
005070800000000041300000000090607003000390050000140680010008720400006000809710000
090000204000000918700010000006097051203051000000600700100902600000030000000000430
602000570000000049409087206100300090038072010000504000700000000010000000203009000
210060380000020069004010700620000007309006005008004690000500000007000000800002000
002030000600000000180700000070300805001007002800210903409000500350100000006920000
920000700053000200804000030240000600008000000001003000300826059000050806000100002
004090572001000000802700000008040003900000400000009127000500040600000000509000610
000002057600190002000800000200004009000280030304000100001000000400003280000005360
030000970000005306000080000620700510000000000700130600000019037001074002050000000
000004008000620300020007096000009500003000000907040000008092003000008004009075810
000480000000006470000000800001803000029007015004029000092000006000300527040000000
004005000580006070900000000700092000030000089002600000000140000060709008001000030
300004970700601034006000200050900080009100000000036000400862000000700000020300007
000500040200010000670032000900060005000000001024000037010000060000000350469000018
000950104052007000190030000318000000600000000000370005460000200001600080000000090
000000080940078060060000000001009800000000040000250009080060034430500207200000000
006000004030060000271000080040630108000907340000000005018000090500003006000700010
000080724000000500000103000000506009040009100000070800908007350004900007006002000
000000009030000000094200000001450070400700000002090086040006900000070205028309000
080054060100200000079006000700300001200100790010000040050000004000000379400000680
000040100000067058000005003090002000000050481600010900080470300002001000470608000
004000000090000650067804001750008000400716000000000090003000000000402800106050003
300000507009080040010002030004030021000020000800457000000600000090000000067041800
080560200090000083061009400000200000900005002000047100520301900000000007000602004
180003059000600800004000007500004200041070080030056000018000000000000530090000420
200008003006070008005002907700490000000027000040800060560041000080050010000700000
000058000000340600005700301020060005903001082001000030082000010040000000006005200
410003069900008000500001300706400900090580000040000000007100800000060000000307104
500001000300200400060700900000000000601000359059300207100000092006000704248000006
826700049090000000004800002600010005300007090040000038005002000710000003080000600
050000960063000000700300105002100000100008439000590020000061000900080006000000040
005063920000002000000750000020037600640000050000094003000000080070120000001000467
000008300000920000804000000005060080006109007000000905000040009000006821960072030
000000000093700500000008246008100020500093000000007061000504003060000094000000000
470300000100000090000009200240000050005400000000902001302801600050006800006000700
702800005006040010180000002800004001000060000000008090060290037900000006000450900
900800000001060840000150370405002000000009000080700000500000700620000000748305000
050000030000029000000001050060000405040006090001007800010030027600700010305040600
040709010000200000109084007902000000060000900000000400410500009703020000500001600
860500009000702010052000000408000300693000000000200000700000100040607085000080004
000910004072000600030002008320075000704093050560200000000506000100020000050800060
870000050000071000605080030400006000000200000010090000500030010080904065720008004
400000507000045630530000020090103000108050000600070005009820000000306001300000000
300040000001020070080000090040893050017002000009050000208000000000009000005010200
072000000800200000000301060000080230007002004040060019009700000634000001080000000
000040008750000201010000060060001930020000400000000050431600000600507000005004009
036005078200304100000008500003407065050620400060013000001000004000000080000000000
017800005000069400000300009002000600000000013005630007000500090060982000000000152
000000005000050870300100620030000006060080350017000000076000040200400080900570001
005000002000907803700060001010009036030700408000480020008001200040050000000000000
020503007680049003700200000000000000004800071009002800007000300000060000060000904
000043080090102070000609000600001092080000310000050400050027000009000506004300000
000005000030070090000040006208003001160009000070001048082050000094030000603000700
005790010010080600203005800900300050020600009048100030600040000000900000000000700
020070063005000900010083000061005208000000000370006500400007030000004100000000009
080004000039078000001920007000000000008401000006080004007100030000005002500003600
500000000001090000000006070195400000002000410003700902000004007970082503200000084
010008000080007096900000000090700502040005000600003080300000200800460900020300704
010058740000360810000100205600805070078006000320070000980000000130000004000000600
059103700000057006000690040360000100015000089090000250170200000006900000000000000
030040000000201500000500691000100063000000900000000075510090400340008200960000050
500800002000000960000000503600000045000900006003200800106400000805020000030076210
002600030400018026007004800000057000040060000000000008705030402600000090030180500
004000006020010300000750400009001003130970680000020007000004005300890000860000000
000000060341000090800000003000000010000020045037000000006400000072003409010790600
004000080000850074000000000070000056508007430600009000203000000001940560000000908
300000000000000601028000000040080000890076100073094000200040009006020345007500020
090004005300000040071000908000002097000000800768000023020000300006508009000030406
000601000704053000130094000000009050510040000600000103902000060040810000000005007
100092060008000900640801000200000000050700002000908000701006020080004070400000100
306400002570000014002510000400650007000000200061008050200900003000700400000000000
402350900300008600970020000080000002720010300000000000010406000003089160000030800
000079050020500000470630000206004083000010000091000000000000090000280000608000307
000107050000090800000400096800000601000005070000002003000034028201900000005000064
100008730600000000093005080050000006006040500000070000000003400901002005000890003
170603009208040000000008001000087500063004000700000010450000000001005000600020070
070800930100500068009000000060000000035020609000041000000060007000003502054070090
005000900000080306810004000070000490001307000000000000024000050503009008090020001
000006000290083050008000017500009000000000020036500100300074009000058036000300000
000001048000000320000000000000008000002006501006400730513900000007100000809700060
007109640004000902008000000046000801000013000750000209000300050800000007900006000
900005040060003207000060000002080004806500910100700003000050000300002000009070400
000000000916350008800009100090040700060708030300010000503120000070060000000004200
265078400000000502070003806000109738001000000800020000702000000008010000050000300
000000209920000140300002000809070030030000700600080020201000960070000004000000010
000003800000005690028040300080600910900004006700950020000000000000401000806700000
406000000000000000000080200030000000010097068000200740065903080008070390003400006
083000594100500030000000600000400050000360040000009000005002870039070060004050002
090008720002500601015300000600000104000000070008700509800000042020000000054030000
080100000090000020004250000319000000600900004000002030000000790075018000120390000
100006070002800000079000030908004500000000000050000600006190000540302000203600007
040000001031070000902001304000230900500610080600908020000000000400020008000800030
100000090069003700070000050800000906030000140700042000000035060000000830001074000
005000040900060310006070820358000600000000000000900000100706900067890001200031000
001402300005091020090003407000080200300000001000000009600300000000000864800200970
030090100019050406006001050100080000203006000700400000050200390908700004000000500
980040062000002007200900005420086000001200078000005000000160000570000000000804000
020001830007900002800600004003760090050010043200590001000000000610000009300070000
080000352000007090900036080060042000000008000030000000041080030007600900002005007
000507000601800000504003602002000593000002000003600080008030060000100050000709008
000008000210000006040001790000600000003080062070050803000800000020194000000027600
609000070050000209403000060904000000730068004060000000000000097000250010085400006
300000000060071000900450000450062000000000090700004005000200089203900706800006540
100000023700000000408300701205640800080100069004800010000080040000050000030000902
009000000470000000020001500010020000040000080000950300000000000053200940600807205
000950000000006000000100486000000060005082340708409000800000623000003000040095800
061030004000000000705001000000060000009508003040000001054200000000940000270800600
000004290500010800700000005000003040970000003600708950430000079050030000000000021
050000000384000000007020000000301095060008002400005706000000050593080020000070640
630000000900051020000002700309070510054600000000040900000000080008000400040000300
092400000160000090000850000200000060000003208008025900400510000000008000350970001
000056278000100040400700900300002001700890030005340800090000000060007080000000050
600020031000500000085000000004006300000083072900000400020900000006000005700004020
460003590001400600000000000014806009050000000070009063006090200002000481000000000
090000814061005000800004090600008000004000000900530607000980000010002000302700000
009200006070000502000900480090000300008005040642000008825060900000000000701004600
300060400000000000000704000200400008137000040460090031000500200089000000040609050
002000038100049020050070090000000305080090000000007004007060000801000006036520700
604901000351007000000050000010200603080104250007003000000000006500700000700406080
001720800009001050060940020030000000000000064840100000700000309080000000106000047
030000892000407050058003000069300000700820300000070040000000900040000078000002500
840073950000000000010090000406700002008000300000020004030102407070000010005000000
075000020030071000680050000000019036200300805900060000006900203000100000000006008
080300000020000040000000000700001004600900500904007380007050010000084700300060020
080040010007009000000002000070020080890000506006070490000085000004300050100460000
034109070050030100200000000603200000000000206902380700090000000001050400400800001
000000003300490000700800001500070020970562000000000000080900060209008504040700800
060027050050000010000906007009030000100000000030605000302000190040309600000080500
000028000400000000008703006504800000920000100013640000009100003040070500600900000
050030000000009032067200400000003890000000000504600000003050070706010008080004960
005000000000000430283000090001300006000079001978050000000400080036902100009000000
000000030001980050000504017000201470060009002000075000000000003809640000050002600
700200000000070800108604005000800000000057000409000700050460000070000591030000046
000000406390500200070080090005003000984001005060820070000308000000097000030060000
025000010000800000009000600030400250704600000060501703807000920090000000000000180
340000000006003090007000000978050010000007004001009600584000000000021053020000000
001300040000090370070651009000105000000000603900000000700000000209003400560048020
420803570180750000005400063070000000000530000000100298000300052800000704000000900
570000000080700000000000000020089005100400000000006900034207010095003082000860004
000050000000000300020000086900000003016030002050006170700900235300000009004500701
340200000100000090080000006030800020000000180097400003500008402600720800000000001
000300050000070000900064000800600200007000405030009600100802000000010040600900370
