526789143748135692139624578361572489875496231492318765684951327917243856253867914
516943872328175946479862135635781294297456381184329567741298653853617429962534718
167238549459716238283459716941583627628947153735621984572894361394162875816375492
629814375783625419541739268432587691975361842168492537256173984897246153314958726
814367592359812746627495318761589423582134679493726851935278164248651937176943285
387194256549286371621357849214735698856419723973862415465973182798621534132548967
783694512945721368126583749819342657367859421254176893531968274478215936692437185
856974123921368574437521896318746259594832617762195348173659482645287931289413765
368142579924875163751639428612983745537426891849517236286354917173298654495761382
924613857876524391153978246465897132281345769397261485738159624619482573542736918
389675124745128693612349875568791432471253986923486751837564219196832547254917368
986425731273816945145379826852697314417283569369541287734152698528964173691738452
146289537593176842782453961861524793925637418437918625219745386374862159658391274
947268531182593476635147892264985713359712684871634259496871325518326947723459168
362478951418953627975216483637592814294861735851347296583624179749185362126739548
178536492362948157459172368591387246286451973743629815917263584835714629624895731
839471652254368791176295834412936578765812943983547126321659487698724315547183269
216547893785193246439682571178935462392416785564278139921864357643751928857329614
374598216869172354152643879683715492415329768927864135548937621791286543236451987
316784259954326718278519634142957863789632541635841972523468197867193425491275386
359762418724813965618594273836951724247386159591247386183425697972638541465179832
324589761819467253657213894295174386463958127178632549542791638981326475736845912
942513786173486925865297431784165293539728614216349578458971362391652847627834159
791256483536814792824379516685742931143968257279135864968421375352697148417583629
358197264941286753726543189487325916263819475195764832532971648679438521814652397
278461953459823671163579482736154298841792365925386714382917546617245839594638127
752913648394628715861475329218736594947152863635894172426387951589261437173549286
487359261523681947196247358634928715851763429279415836368194572715832694942576183
741289356385467219629135874136752498472698531598314762914873625857926143263541987
312564978645789321789231645234918756976452813851376294127643589493825167568197432
679218345385764291412395876297486513863157429154932768928541637541673982736829154
174365892926478135385219674561932487738641259492587361849723516653194728217856943
186532479579864132243197568861275943357948216924316857435629781712483695698751324
715836294326945871948127653174259386839461527652378149287614935563792418491583762
534972861268431597719658324651897243493126785827345916386519472975264138142783659
958613742274985163316472859725391486163748295489526371647239518892157634531864927
659718423173254896824693517382476951516839274497521638241987365765342189938165742
132649785496857312587123694865714923321986457974532861643291578259478136718365249
751396824286741539943852617597624183318975246462138975825463791139587462674219358
513697284874512936296843715345128697982376541167954328659281473431769852728435169
831927654567384219429651873615832497984715362273469185146573928358296741792148536
386971542714256839295384167479128356638597214521643978962715483853462791147839625
173659248458271693692384157245138769316947582789526431834715926567892314921463875
675319248918624357432857916529438761164792835387165429841276593293581674756943182
684173952519482637237956814965834271378219465142567398893725146726341589451698723
824693157379152864615874329251746983796318245438925716982467531567231498143589672
962537481783146952145829376617954238239618547854273619428795163596381724371462895
273918546941365728685427193534789612712654389869231475327196854156842937498573261
216943857953867142748521963127639584465718239389254671594382716871496325632175498
941637825387542916562819734736195482154286397298374561673951248429768153815423679
627584319384791256519263874431925687296817435758436192875142963943678521162359748
932856714678421539145793286451382697793645821826179453587934162269517348314268975
615987324894623571273514968462795813581342796937168452148259637329876145756431289
346197825125843697798562413831426579652978341974315286483759162567281934219634758
354627918792481365816935247238716594579243186641598723487159632125364879963872451
312954786695782431478163952841635297736291845529478163184526379267349518953817624
235798641876145293149326875492531768517682439683479512761853924328964157954217386
743562819869173524152489376537294681694815732218736945375621498926348157481957263
967258431382194765451763892743829516695317248218645973129486357576932184834571629
157269483269834517348175962425716398986352741731948625592487136873691254614523879
731849256462537198895162374187294563249653817356718429918375642624981735573426981
657182493482397651139456782945671238316824579278539164594263817761948325823715946
156278394732941586948356712815792643293614875674583129521467938389125467467839251
823651479951478236467239158645397821398162547172845693236984715519726384784513962
847132956325986471916457283162579348438261597759348162574623819693814725281795634
749136285382594167516782349173628594298345716654971823927413658835269471461857932
684397521531246879729581364918432756452768913367915248293654187145873692876129435
856739421327415689491268375713596842548372196269184537674953218135827964982641753
549183726728496513361725984196254378854637192273918465935872641687541239412369857
895467132432158679176329458529736814617284395384915267763892541958641723241573986
394265871725819634618437259239146587871952463456783912567394128143628795982571346
631297458927458136485163279214635897763829514859741362546372981378914625192586743
389715624172463589465829317693578142518642793247391865951287436724136958836954271
861295374742836195359471862624753981187649253593128647476382519938517426215964738
513689247796241385842537961681923754954178623327456198239815476475362819168794532
725349681631528974948761325563294718872156439194837256319675842286413597457982163
568493721137826549924751368395167482841235976276984153489512637652379814713648295
825194736493786215167253984351427698278569341946831572532948167614372859789615423
723548916856391742941276583369127854582964137417853269675419328134782695298635471
412875693856391724397246185789432516261758439543619278134587962928164357675923841
569284731278391645143675289952148367681937452437526918324819576896753124715462893
736192584421865739859347621562714398198236475347958216914673852275489163683521947
927415863345678921168239475876951342532764198419823657294387516653192784781546239
578462931694531827132897465751283694983746152426159378249615783865374219317928546
149386752728951364365247918457138629891625473236794581612479835574813296983562147
742619358139587642568432179954721836681395427327864915493258761875146293216973584
567428913342719685891653742978531426156294837423876591614385279789162354235947168
142935678563748912879621354621459837437182569958376421316294785784513296295867143
465392871983167245721485639857941326196823754234756918519278463342619587678534192
419372568256184793378956241837569412942813675165427839693245187721698354584731926
968317425124658397357294816239486751815972634746531289581763942473129568692845173
354289176618743295972516384836974512149352768527168943493627851261895437785431629
429561837681793524753428619968172453514389762372654198197246385835917246246835971
438951276256347819179682534923718465765493128814526397592174683641839752387265941
325684197479321586168957423216893745793415862854762931541239678637148259982576314
182635794369174825475829361624581973591367482837492516218743659946258137753916248
658721394973546821241389756465293178192867543837154269519632487726418935384975612
814297563296538417753416289162359748549781326387642195935824671621973854478165932
586792134132648975794135826617584392428319567953267481379421658261853749845976213
937684521462159738158327649894576213613298475275413986386942157741865392529731864
523791846486253791791684253659347128374128569812569437965872314238416975147935682
182953674673124589594687213731268495965341827248795361816539742459872136327416958
791483625382657419645219783879536142134728956256194837918362574463875291527941368
182356947794182356536974218671823594349517682825469731968231475457698123213745869
569183274427965138183472596748521369916837425352694817235746981691358742874219653
126957348894316725573842619769281453218435967345769281632198574951674832487523196
748192635691543287532786419913258764476319528825674193184925376357861942269437851
659318472413276589782945361946537218375182946821469753164793825598624137237851694
756984312143562879289731456538647921497123685621895734372459168814276593965318247
397865421651274389248319657186423795972658143534791862823547916715986234469132578
514682793738914256692735148327859614941276385856143972289467531475321869163598427
829546317561739428473821695648372159932415786715698234296187543154963872387254961
329647581857913246614528397985364712762189453143275869598736124236451978471892635
598476132732581694164923758675218349381694275429357861913865427856742913247139586
156432798478159263293687154584296317612378549739514826925843671367921485841765932
496185372528397146731624859984716235152943687367258491849562713275431968613879524
394876512725143698168529473847351926253697841619284357981765234576432189432918765
812534967957186423436792518594613872261857349783429651149375286628941735375268194
183754296946213587257986134829541763375869421614372859538497612791628345462135978
683279154419586273275134896148657329562893417397421685824765931951342768736918542
241867395657319284938254761129648573783591642564732918395486127412973856876125439
862173495139524678547689123653942817294817536718356942426795381985231764371468259
871452639952368417634917285186724953745693821293581746369845172417236598528179364
568749123972813645431256978615498732294367851783125496356971284127584369849632517
937124568125867493684359721356948217812673954479215386761532849248796135593481672
962843517854197632713625849126938475587462193439751268645389721291574386378216954
456187293293456718187329645865913472731245869924768531348571926512694387679832154
276143985548927361931568742762319854853274619419856273187492536695731428324685197
739862541485913627162457983917546238653128479248379165394685712826791354571234896
972584136651237894438691572294753681586912743317846925823169457765428319149375268
386125497945867231217349856821793564734256189569481372153674928472938615698512743
731482659546319827829756314193278465258643971674591283385967142967124538412835796
378462195465139782219758346891247653736895421524613978182976534943521867657384219
419376852863125749725984361287413596194568273536297184978632415652741938341859627
317854296845296713629317485938721654164538927752649831276185349481963572593472168
895163742613247895247859163938524617124376589576981234352698471769415328481732956
172568349468923157935741268783416925521879436649235871357184692216397584894652713
416829753985637421237514968629481537378952614154763892563278149891345276742196385
829165473354728916761349852286514397513297648497836521148973265632451789975682134
132684597694527381587319264745938612918462753263175948871256439359741826426893175
953874261428316957671529834167248593839157426542963178285631749314792685796485312
673154892954826731182793564469571328318942657527368419236417985845239176791685243
921538476387462195465197238798243651132856749546971382814725963273689514659314827
982564317563721489417983256725198643134256798896347125651872934279435861348619572
159247638247638195836951247723815469498362571615794823384529716971486352562173984
921837645357642918684159327539274861172968453846513279793425186415386792268791534
846392517132754896759816342687423951395178264214569783921635478463987125578241639
943651287781923465562487139675198324398274651214536798156842973439765812827319546
567413289134829567928675143316298475482157936795364821271546398643981752859732614
573481296219736845486529317795342168834615729162978534647253981358194672921867453
197582346265314879483679125342798651851263497679451283516827934724936518938145762
745629138938415627261837954827596413413782569659341782186973245372154896594268371
791325468628419753543876192136798245975243816482561937819652374354987621267134589
912876345864253791375914862423591687781642539596738124139485276648127953257369418
391582647526471893847369251619734528284615379735928416173246985458193762962857134
518627493697435821423891675189562734275943186346718952932186547764359218851274369
758416239291837564634592178947128653162354987583769412416273895325981746879645321
864537921159862734327149856248791365931256478576384192785423619612978543493615287
489213567316475298527689314731956482952847136648321759164592873273168945895734621
938614527574832916126795348613289475247563189859471263791348652482956731365127894
387241695492756318156389274819534726724168539635927481571692843968473152243815967
596418732723569814184372659618793245239654178475821396852147963941236587367985421
495371286376842519281695437914753862562189374837264195623517948759438621148926753
516238479978164523324597861435781692287659134691423758842975316763812945159346287
593714286148692537627583914961458372284937651735261498459176823872345169316829745
253146879718539462964728513372451698491863257685972341149385726536217984827694135
749618532362975148185342967576234891831596274294187356927863415453721689618459723
769352814824196573315874296158423967246917358937568142693245781481739625572681439
427391685851276493936584217342769158578413962619852374763128549295647831184935726
876451392391287465425369781748916523269543178153728649984175236532694817617832954
742865931391427865685913274574138629239654187168279453423796518917582346856341792
832547916746391825915268743423179658597682134168435297359826471281754369674913582
756243189982651347341798562879532416465917238213486795694125873128379654537864921
432918765196735824587642193615283947379456281248197356823561479764329518951874632
432786915851493627976125384298367451347951268615842739183274596769538142524619873
175923864462851973983647215629384751754216398318579426237465189541798632896132547
769512384243876159581349627876134592314295876952768431498657213635921748127483965
486359172195278436723641985951832764278465391634197258542783619319526847867914523
987324561152678493463951278728463915346195827519782634835216749694537182271849356
695347218371825469248691753129756384764983521853412697486279135912534876537168942
237849651495631827168752439674295183581367942329418765916524378842173596753986214
285693147164728395793514628942861753836975412571342869627489531318256974459137286
463215987572986413819374526248531679351769248697842135986127354135498762724653891
416573289357298614982164573239857461671342958845619327768935142594721836123486795
975281634864937215123654879412368597758419326639725148391846752246573981587192463
831452769974638521652179834125864397763915248498327615386791452217543986549286173
431675289528193476679824135156982743783541692294367518965418327847236951312759864
634928517728154369915637428481395276257486931396271854569743182872519643143862795
942163587756489213381257649139574862278691354465832791897315426514726938623948175
475298361613475892982613754859761243126349578347852619734186925291537486568924137
594738216263541798781296534912674385458123679637859142176985423845312967329467851
589321467431697285762485319375814926896273541214956738143769852958142673627538194
564721893978356421132498675497213568621845937853967142786539214215674389349182756
235781496678942351491635827963254178542178639187396245754863912819427563326519784
586349217279516438341827659718634592493752861625981374164275983932168745857493126
718594326629137485354682791231476958485329617976851243862745139193268574547913862
269348571134657928587129364643971285915482736872563149421796853358214697796835412
613849752452367819978215346834971625721586493596432178267198534149653287385724961
719385462835426791426719538951643827374298615268157943583962174192574386647831259
953287164614539872728641539139428756547163298286975341495712683862354917371896425
651974328398612475427385169973851246284736591516429837869143752145297683732568914
831946275679523841254187396492768513583412769167359482348695127726831954915274638
658213749473589162291647853149362578325478691867951324536894217784126935912735486
547392816982761435631854972415927368826143759793586241164238597279415683358679124
187256943635419782294837651463572198872194365519368274356781429928643517741925836
693254187241738569578916243984165732325479618167382954759841326812693475436527891
162974583385612974479853621257349816894561237613728459546237198931485762728196345
872145936149236875635798142516374289397852461428619357253461798761983524984527613
471893625832645719695217348983572164146389572527461983218936457759124836364758291
486592137357184629912637548524869713139475862678213495291748356845326971763951284
697432518531896472248571639486215793975368124123947865759624381314789256862153947
135726849928341756746598132697852413354617928281934567573169284469285371812473695
698532471152947863743186925285369147936471258417825639324718596571694382869253714
429583671175642398638719542862374159914258763753196284287935416341867925596421837
148275369597316428632498175465739812721864953983521746856947231279153684314682597
642179835935482716187653429354816297876294351219735648421968573763541982598327164
592376148786914253314258679823495716961732584457861932639187425278549361145623897
893725416215648937467391285958162374341587629672934851726413598534879162189256743
398174256271865394546293187634527819189346725725981463963418572412759638857632941
684375912329186754517492386173649528945728631268513479851967243792834165436251897
375124896892635417146789235958263174213847569467591328639418752781952643524376981
176492583498536172235718649659281437847953261312647958981364725524879316763125894
691853724245917368837246915523764891769128543184395672318672459956431287472589136
164358297382719456597624318621985734948273561735146982479831625213567849856492173
681472359745396218923158674312645897597831426468927531879263145134589762256714983
684357192915482763723619845146923587879145326352876914291534678438761259567298431
658493127723851649194762835542319786376548912981276354267135498435987261819624573
943217658216859437587463219371694582894521763652738941739145826468372195125986374
325764819849321576671589342796835421182947653534216798468152937257693184913478265
165874932832195476947623518289417365316589247574362891628931754753246189491758623
745168932869324751213795648386917425574286193192453867451839276627541389938672514
345798612281645397697213485739156824128974536456832179812467953574389261963521748
674593281938142567125876943857461392263789415419235876592614738741328659386957124
241659783598317426376824951483192675952763814167485239614238597835976142729541368
817396542694512378532487916285931467976254183143768295728145639459673821361829754
619254387375816492842793156968472531524138769731569248457981623286347915193625874
652439781918752436374618592793825614241376859865194273136287945527943168489561327
459876132217593684863241759691384275584762913372159468938417526726935841145628397
871562439492837165365491278154986327629173854738254916587329641943615782216748593
173426859468519372592378146734862915859731264216954783347195628681243597925687431
968571324452863719731942856197286543685134972243795168529618437814327695376459281
361425879879631524542987163217356498658294731493718256925143687784569312136872945
235718496467925138918346752572631984684259371391874625859467213126593847743182569
273964851685217943194835267826571439437698125519342786752183694361429578948756312
523981746789436521461275938397518264148762359652349187834157692916823475275694813
684193257279654381351827469125479638967238514843516972596741823738962145412385796
726198543491375682583426791358261974274953816169784235612837459937542168845619327
531498276627513849489762315958146732374289651162357498245871963816934527793625184
456192837932587461178634925819276354364951782527843619785319246291468573643725198
175623984846519372239874615352741896468935127791286453617492538924358761583167249
726894513581732649349561872697145328158327964432986157875219436914673285263458791
461897325752634189938215746816372594293548617547961238689723451374159862125486973
791854326324961875586327149673518492219746538458293617165472983937185264842639751
495381726783265194612947853857412639249673581361859472134598267526734918978126345
786245193423169785195873624637521948248697531951438276314752869879316452562984317
215897463689324517473165982921658374764231895538749126396582741857416239142973658
673419285851362479492785613146823597937651824528974361764138952289547136315296748
241357896659821473837649521184762359795138264326594718418276935973415682562983147
721469358948531267365278194582946713136785429497312586654197832279853641813624975
639147528247538961518269743962471835475382196381956472196725384724813659853694217
793512648861473592245689317972835461184796235356124879539261784627948153418357926
314528967785496213926317458257843691143269875869175324532681749691734582478952136
728436159936715842514829367491583726872641935365972418183257694249368571657194283
419352687826719534573468219982643175635271498741895326397524861264187953158936742
983541672417268539562739184731894265895326417246157893124673958679485321358912746
927864531685312479431975682156739824743281965298546713512697348874153296369428157
621745839754983162938261745285396471463172958179854326516438297847629513392517684
158439726963287541472156938281695374649713852735842169327968415816574293594321687
927634158618597342543281679851926437376845921294173586469752813132468795785319264
986473512231985674457612839769548321812396457543721986628134795394257168175869243
597136482218974653364258719145629378982743165736815294471592836629387541853461927
938467152451298736762153984876542319523971468149386527297615843614839275385724691
412375698756892431389416275135689724974521863268743159647938512823157946591264387
897264351265813749134579826953427618726158493418396275582731964641982537379645182
372851496169243857854967132425196783987324615631578924516739248793482561248615379
457638921239715846861924735125369487683547219974182653718293564546871392392456178
563142789421987563987365124742659318196823475358471296835716942214598637679234851
672195483935874162418263975169458237387629541254731896796582314821346759543917628
542938617817246593693157482276483951134579826958621374769814235421395768385762149
526794318198523647437681529973815462254967183681342975819236754345178296762459831
143529867572186943896473251329614578617895432458732619284351796935267184761948325
189453762734268519526971483361792845945836271278145396412589637853617924697324158
741958623692713845583624719158497362934261578276835194327546981819372456465189237
921643785586719423374582961862435197793126854145978632438297516257861349619354278
859174362734629581261583497523967148476218953918345276682451739347892615195736824
427815396165392748839764125672458931951236487384971652593127864218643579746589213
596273148782164935341985762963542871128739654475618293819456327234897516657321489
374896512851234976296571834923187645617425398548369127185942763732618459469753281
238796154597241863641358792184672935729534618365819427816423579472965381953187246
897462315513879426426531897378214659159786243264953781981627534735148962642395178
148952673596783214372614598429865137713249865865137942651478329984326751237591486
845679231361528794972431586134852679296714358587963412758146923413295867629387145
465198237398762451721453986183946572542317869679285314916534728254871693837629145
593728641741536892286491735152963478468257319937814526679145283314682957825379164
249651837831274695657389241724965318368712954195843762486197523573426189912538476
392548167154726389867139452239851674671492835548673921783915246925364718416287593
273148695589762413146593278765429381412835967938617542324971856657284139891356724
971638542236457189854291367123879654497165238685342791562784913749513826318926475
387652194295841763641397852719523486563984217824176539976218345458739621132465978
897561432251493687463782159378914265146258973529376814712839546985647321634125798
796284153453716289182953746874631592361529478529847631618375924937462815245198367
978635214652814739413792568397456182281973456546281973139528647765349821824167395
594671283832594716176823549289145637413267958657938124765382491341759862928416375
684951723279843516315276894546318279892765341731429685458132967967584132123697458
971365428356248197824197563468513972137982645592674831645721389719836254283459716
257649138634815972981372456542786391876193245319524687193258764765431829428967513
836752491124693857957148326649517283518239764372864915463925178281376549795481632
146925738238167495957834216481279563629358147573641829762513984394782651815496372
815642739427983165639157428754291683362578914981364257543726891298415376176839542
268179435157834962394652178431728659825396714976541823783415296549267381612983547
934781562618425397275693184126347859487956231359218476593164728761832945842579613
814572963256931784379468512581249376432657891967813425693725148148396257725184639
723459168518726394649381527261843975985672413374915286197564832852137649436298751
692485173385617249147239586473528961851946732926173854514862397239754618768391425
537146892149823765628759143296374518715298634483561927864935271952417386371682459
418326759297415863653978412769254381132789645584163927826537194345891276971642538
124693857358274961769518432647925318513847629892361574481736295235189746976452183
465192387937854621821736945379245816612987534584613792258361479796428153143579268
973642581165879243842153796719465832386921475254387619438516927597238164621794358
471298536532176984689453271718345629965827413243961857856739142394512768127684395
642793158591428376378156249857631924214589763936274815163947582485312697729865431
348657129159324876276198543794862351815943267623571498437216985582739614961485732
348179526927564381516382947732491865659837412481625793274956138163748259895213674
471268953682953417359174628293816574846725139517349862138697245725481396964532781
918625347267394518453718296396457821175982463824163759589276134741539682632841975
193682574725143869486957312814365297257891436369274185532719648671428953948536721
497183625136752849258469317325947168674218953981635472743826591512394786869571234
987516243236749518514328796472693851153487962869251437691875324745132689328964175
213956874758421396496378251961287435324569187875134629632715948589642713147893562
571869432836247915249513768452681379967354821183792654394175286718426593625938147
195736824472158936386249715527863149618497352934521678261974583859312467743685291
985763214176429538324815697753198426249356871861247953698531742512674389437982165
134562798652897134987431625371628549526149387849753216463915872715284963298376451
184927563923658714756341982418596237539712648672834159295183476361479825847265391
854623197937415628612789345126957834478361952395248716569172483243896571781534269
974682315821753469356419827638175294549236178217894653465327981782941536193568742
365974182982163745147285639278316594496857321531492876814539267759628413623741958
819524637357681492246379851185943276734265918692817543561438729978152364423796185
693548217275619348481732695124986573758123469936475821519364782847251936362897154
175392648496178325283564971864935712917286453352417869638751294741829536529643187
782953164349671582156248937497562813613894725528137649265489371931726458874315296
452687193819423567367591284176234958245968371938175426591846732784352619623719845
481529637596317428273684195159876342762143859348952761617235984835491276924768513
947563218813297465526418973372956184681742539495381726139824657258679341764135892
156972483798463512243518976329751648865324791417896235672139854581647329934285167
485719362721653498369428715593841627674592183812367954158974236237186549946235871
745938621362157498189624357456281973978563214231749586593876142824315769617492835
895723416623481759147695823534978162718236594269154387376812945451369278982547631
829153746341769528756842193438975612917236854562418379274381965693527481185694237
164392785537648192289517364825764913946123578371985426792436851418259637653871249
628157394341986572597423681783215946952648713416739825169574238874362159235891467
792835461354176982618942573273564198845219736961387245487651329139728654526493817
985236714347891256612745893498652371263417985571983462736528149824169537159374628
863127549412589736975346281347918625251463897698275413189754362534692178726831954
736192548124568397895374621673251984258649173941783265419825736562437819387916452
539471268241568397867329415916247583758913642324856971672195834185634729493782156
356172984972834156418956273861529347745361892293487615137248569584693721629715438
257968314983421675416537829195276483834159267762843951321695748678314592549782136
738125496495367182612489357867543921351792864924816573283654719576931248149278635
482637591165894273397521648951276384246183957738945126574362819619458732823719465
279635184531428796864917532643192857725863941918574623396251478457386219182749365
912875643867134952534926718745382196693751824128649375286517439351498267479263581
932541786847362591561798324615427938479683215283159647356214879128975463794836152
539742861614598723827136945951674238246381579783259614175863492398427156462915387
496235718572189634381764259813926475267453891954871326745318962638592147129647583
983671245715428369246395781391862457874153926562749813657234198129587634438916572
378159246156324897294687513912536478835472169467918325741865932523791684689243751
471235869529618374386479152963721548847953621152864937698542713714386295235197486
387249516251637498496185273763954182924318657815762349639571824178423965542896731
548196273923475618761823549684532197379641852152987364417368925896254731235719486
753496128284137695916258347542371869369824571871569432427615983635982714198743256
479812356152763489368495271794538612531629748826174593287946135615387924943251867
643572891298143675517896432462917358175328946389654217954261783736485129821739564
589214673417836529326957814645178932872349156931562748193625487264781395758493261
362198574589764231741235968928641753437852196615379842253986417874513629196427385
934672158652198437178354926316429875489567213527813694741236589263985741895741362
975613842463827591821954637187365924354298176296741358548179263712536489639482715
168975342743612958592438167329846715475193286681257439936781524857324691214569873
681357492935842716472619835163274958748965123259183647517438269824596371396721584
215647839376298541498315672647953128521874396839126457164732985952481763783569214
798316452342589167516472983483957621267143598159268374874691235625834719931725846
892756341743918625615243798267539184354861972981427536138692457476385219529174863
415892673296375814378461925952734168631928457784516239827143596569287341143659782
319687425426531978875249163758164239634925817291873654943712586582396741167458392
834729156679541832521638497713462985248195763965873214352914678187256349496387521
316542897297183546485679213872961435639254178541738962768415329123896754954327681
563941287428765319719238465986473521345812796271659843192387654657124938834596172
437219856261485739859736412745362981982154673316897524693571248174628395528943167
874392165695147832231685749962854317487213956153976428516738294348529671729461583
342917685587643912961582743253469871176258439894731526718395264635824197429176358
579863214182745936463219875837621549941358627625974381758136492294587163316492758
136958724748231695295476813982543167314697582567812439451369278879125346623784951
137658492296147385485923761923416578761835249548792136652379814319284657874561923
796253481324168957851497326145689732679342815238715694482536179917824563563971248
348672159761945283529381647437216598182759436956438712613824975275193864894567321
634519827897624135512378694976235481285941763143786259751892346368457912429163578
647319825158462973392785614273956148819243567564178392725631489436897251981524736
658974123479231685213856749594712836831649257762385491386527914945168372127493568
251367498469182357378495261817253946593674812624918573932741685786539124145826739
325189476176524398894673251948365712657241839213897564582936147739418625461752983
457269318126783945398451267581324796264597831973618524849135672615972483732846159
346791825821435976957682341193574682265813497784926153418357269672149538539268714
182496537693527148457138296531682974269745381748319652925871463376254819814963725
257938416941267538368541792715896243639472185482315967893754621526189374174623859
894635721726819543531427869382174695945263178167598432413752986258946317679381254
829351746745682913163947582371826459592473861486519327914765238657238194238194675
519823764623417985874695123745289316368154279192376548286531497931748652457962831
478269351512837649963541728324715986896324175157698234245976813789153462631482597
235749681497861523186253497752186349319475268648932715571628934923514876864397152
627459138854321796931678542345186927182793465796542381273814659419265873568937214
974258136652143789138679542287496315319587264546321897891762453423915678765834921
831645927759823461624719358296138745485967132173452689942576813517384296368291574
713564829862913475594782136429371658678245913351896742985137264247659381136428597
916483257735129864248657913861975342394261578527348691459812736172536489683794125
576943821832517694149862375658231749421796583793485216985374162214658937367129458
731824695869715342245369178183246957952173486674598213498652731527931864316487529
248139567613758492795462183957816234186243759324597816561974328432685971879321645
294563871813724596576918432965347218148259367327186945752491683639872154481635729
498375621276981534315264798942653187567128349831749265683417952759832416124596873
865137249194258376273496158657819423382574691419623785921765834738941562546382917
697421358138975624542368197369842571825197436714536982951284763273619845486753219
837195462516432798492876315253684971149753826678921543324517689781369254965248137
591782364324961857768453129186237495975148632243695718419826573632574981857319246
847263915926517384153498267579642138231859476468731529315986742692174853784325691
254896371897315264631427598382961745945278613716543829423659187579182436168734952
721364598649587231385912746532879614497156382168243975813725469276491853954638127
186359427425687913793421856547218639862973541319564782671842395954136278238795164
394658217825917436761234895638175924957842163142396758419763582583421679276589341
942158673875963241613247958359721486186594327427386519538672194264819735791435862
128543796564879321793162845486325179257914638931687452312456987645798213879231564
428759361369214857175863492594678123786321945213495786932146578641587239857932614
421395687768421395593678241612937854935284176874156923259763418347812569186549732
581642973294387156673195248168534792352879461947261385716428539435916827829753614
264518739591763482873492165346859217712346598958271346429185673637924851185637924
169874352723156894854329617946738125237541986518692743385417269672985431491263578
134792865972856413568314297316547982495238176287961354649125738721683549853479621
271693458953184267684725319146278593795431682328956741567812934839547126412369875
214693587958174362376258914891426735542387196637519428765932841123845679489761253
534187692671295438298634175759821346183546729462379851917462583826753914345918267
836951742721486539954723168672345981195862473483197256319674825548239617267518394
891376245762594831543821967176945328428163579935782614317258496659437182284619753
219678354548193762637524189782469513154237896396851247471982635925316478863745921
245683917673921854189574326726359148534718269891462735962147583417835692358296471
594128376163457982872639451738916245415782639926543817259374168647891523381265794
873942156162753849459618273746135982298467315315289764624371598987524631531896427
872156943534789162619342758245918376187563429963427581321675894456891237798234615
698145732153278694472693185265314879937586421814927356786459213541732968329861547
614873952579261483283495761952138674147526398836947215391652847768314529425789136
219853476854761239673294518986147325142935867537628194725386941368419752491572683
571843692394562871682179534913254768758916243246387159167498325435621987829735416
862713945914568372537942186496175823273684519158239467321896754689457231745321698
186245937935867142742391865594618273673952481821473596267584319318729654459136728
928573461367214598154869732431685927285497613679321854896732145743156289512948376
134897625928635714567142398819324567456789132273561849691278453382456971745913286
379462815248195367561738429416257938895341276732689154683514792957823641124976583
167583924483279651295146837672835149318964275954712368726498513831657492549321786
145627398739548162682391475891473256376952841524186937913265784267834519458719623
762435819384169572591287364275948631418376925639512487847691253123854796956723148
896145723314672598572398461165839247287451639439267185923716854748523916651984372
154637892378529614269814573486953721592176438713482956937268145641395287825741369
918725364465391278723684915857219643692453187134876529589167432371942856246538791
618457923297683154453192867961845372834271695725369481576914238182736549349528716
892653417743128695561947823134782569259461378687539241378294156416875932925316784
524897631381246795769513284472369158635178942198425376856732419917654823243981567
573184962918625347426379158784953216659217834231846795145732689897561423362498571
198645372362789451574231896983564217715923648426178539237496185859312764641857923
451792386296835471387461592149258763735649218628317954514983627973126845862574139
136452798485791362792863415514286937263917584978345126647129853351678249829534671
684395712527814369913267845439671528178952436256438971795123684861749253342586197
439728615568194723271536849716349258325861497984257361153672984892413576647985132
185679432467231859932548167651982743793154286248367591826413975314795628579826314
317689452548231769269754183672395841451827936893416275724163598986572314135948627
168592743394871265725436981837924156249165378651783492486219537513647829972358614
536728419189345267472961853654193782317582946928674531863259174241837695795416328
921567834547138296863924175694381527738256419215749683186493752372615948459872361
346189572758423691912657348487965213639712854521834967273591486165248739894376125
871546932245739186369128745418362579653897214792451863986213457527684391134975628
689473152475612893132985647746598321321764589598321476917856234254139768863247915
785926314316784259294135786571269843432578691869341572943657128127893465658412937
384156297659278134271493856465319728918742563732685941593861472827534619146927385
936541278714862935258793614175938426629154783843276159561487392487329561392615847
295471368764835219381629574816542793923768145547913682158396427432187956679254831
147852639653971482289436157576219843328764915914583276795648321861325794432197568
684759123317824659925631847139248576756193482842567931271486395463975218598312764
356172948872469153914583267681347592593621874247895631728954316169738425435216789
521976843789543162634281579462358791918764235375192684897425316243617958156839427
831475269769218543425693817154782396372956481698134725516847932947321658283569174
697432518234518697518697234783956421162843759945721386329174865871265943456389172
438697125126543798975281364517924836892365417643718952281459673764132589359876241
361928745489537621725146983176295438843761592952483167697352814534819276218674359
756123984819745263342986517283459671165278439497631852978364125634512798521897346
326748951719625384854193276148536729967281435532479168271854693683917542495362817
374569812826471539951238647745613928132895476689742153593187264418326795267954381
492358176175946238863217594734865921528193467619472853346589712251734689987621345
645783291321495876879621345138259467267314589954876123413962758586147932792538614
975681324326974581184325796547216938269738415813549267692857143731462859458193672
793246158425381679186975423369752814842169735517438962254697381631824597978513246
526879413849361257137245698374528961985613724261794385612487539793156842458932176
721395864384672591596481732479156283238947615615823479957218346843569127162734958
476912853523478916189635247962751438348269571751384692897523164614897325235146789
456327981729185346381469725592876413847513692613294857265748139174932568938651274
728419635615723489943685127891576243354892761276134598537268914169347852482951376
941523867387946215652781394239614758476852931815397642794265183163478529528139476
914583276753426819286917534125368497869742351437159628398675142671234985542891763
841527936296143587573896412684915723912374865357268194165439278439782651728651349
867952413532418679419376285648735192953621748721894536186543927374269851295187364
193468257764235918285179364538724691976851423412693875849516732657382149321947586
154938627896472531732561849541729368923684175687153492468217953215396784379845216
468973512237145968951682473824396157376514829519827634183269745642758391795431286
427931865539876124681542937978265413264713598153489672716354289395128746842697351
328597461746128953915643782281435679463789215579261348692814537137956824854372196
753648912418279365629513487367451298591832746284796531142385679976124853835967124
894516327631278549527439816956823471418697235372154968189742653743965182265381794
958623174236471958471859362714265839382197546569348721827936415693514287145782693
476325891385491276912876435193547628548632719267918354834759162751264983629183547
971268453243975681865341792438652179127439865659817234384196527796524318512783946
854632719791485632632179854943716285168523497275894163426358971587941326319267548
254691783863275194791834526617983452342517869985426371136759248478162935529348617
853421697941367528276598413125736984734985261689142735317659842568214379492873156
231476859549812736687593241328741695495628317716935428154287963862359174973164582
924573681758146392613892457189234765372685149465917238837451926546729813291368574
985241736132796458476835291623478915541629873897153624719584362258367149364912587
421965873689237154735148296347852619512679438896413527173584962258396741964721385
316942578897351426425768931978124653164573892532896147659287314741635289283419765
139564872784132956562879134496783521258916743317425698673258419921647385845391267
567148293948327156231956487712695834354781629896234715425869371189473562673512948
251368794439572618768491253894615372672983541513247986327154869186739425945826137
943526817827193645516784239762418953381957426459362178635841792198275364274639581
746325981293816547815749632952634718638971425471582396584263179329157864167498253
298541736475326981316987524563714892187692345924835617749168253852473169631259478
819237456523146879746958321952861734187324965364795182498572613231689547675413298
631472958758369124942581637584693271173245869269817345825934716397156482416728593
624751938957384126813629574796543281138972465245168793361295847589437612472816359
286953147713248695594761238127435986438196752659872314362514879941687523875329461
268715943395846712741932568534267891612389457987451326173694285426578139859123674
169372845352498761784561392437859216926714583815623974271945638598136427643287159
972314856143856729568729134234698517859173462716245983491532678387961245625487391
231864597847395612965172384452986731618437259793251468586749123179623845324518976
286954713574312689913678254365849127892731465147265398651483972428197536739526841
268594713534718629197236584783925146956341872421867395672483951819652437345179268
391748562542613978867295413623179845458326791179584326915432687234867159786951234
517942683896357214423618759641583972789426531352179846235864197174295368968731425
459627183638591472127834965974218536315976248286453719742365891561789324893142657
493865712826137549175924683512486397384759261967312458748593126631248975259671834
957326184431789562826514793369478251582931647714265938693147825278653419145892376
528739146167428395439165827986213574214597683753684219695842731841376952372951468
751942386694385172283617594932751648467893215815426739146278953529134867378569421
639458721275361849148297356816574932493612578752839614987145263561923487324786195
259147368481326957736985421863754192597218634124693785678432519312579846945861273
518243967743695281926718354481936572397524618652871439874369125165482793239157846
673915842481627539295834671834156297527398164169742358912463785358279416746581923
178296453394758621625431978512369847839147562746582139481623795963875214257914386
276941358415738926893625417169584732354279861782163549927356184638417295541892673
871295463946731825325648179498376251152984637637512948584127396713469582269853714
413895762987162345265734198679318254328457619541629873156983427732541986894276531
546312978879654123123798564384261759762549381915873642258937416497186235631425897
752613894416289357398574216649738521581962743237451689975846132823197465164325978
762158493458793612319462857835926741924317586671845329247539168186274935593681274
643279581587314962129568743291485637435697218768123459376852194954731826812946375
397861425146952837852743169579126384421385796638479251964237518285614973713598642
458617239729843156631952487985176324276438915143529768314765892862394571597281643
186972345497835261523461789354789126768124593912653874635248917849517632271396458
529463178836217594417589623174625389368941752295738416742196835681352947953874261
162483579589271436743596281497325618631748952825619743358967124216854397974132865
347512698598476132612398745236741859751829364489653271865234917124967583973185426
429758163158396247376241859837624591612539478945187632584972316291463785763815924
384217596126935487957486213573162948298574631461398725745823169812659374639741852
873921645951648372462573189628314957745296831319785426186452793537869214294137568
783216549619547382542938716875491623124365897396872154458623971237159468961784235
254978136976213854831546297587129643419365728362487519643851972128794365795632481
287156394365479821149283756513694278672318945498527613824965137956731482731842569
925674381478513962316829475753496218289751643164382759592167834847235196631948527
278396541465281379193745682684579213521463897937812456819634725342957168756128934
483215796297643815156987342538724961724169538961358427372891654649572183815436279
793142856826759413541683729458927361912836547367415982284371695139568274675294138
416978325835624197972135684584367219697251438123849756249783561358416972761592843
286374195159286437743951268925168743461732859378549612512497386837615924694823571
723481956195673284648295173584362791936718542217954638469827315371546829852139467
326517849957483216841692537563924178184765923279831654612349785495278361738156492
864213957792856134531749268356172489947568321218934576673495812189327645425681793
258471369741396258639528471827945136193687524465213987386159742974832615512764893
415897623837462915692513784384276591156934278729185436578621349963748152241359867
143725986825946173679831254968412537317658429452397861531269748796584312284173695
961274853842356719753198264134762598679581432285943671526419387397825146418637925
258793461394651728671842935712938654835426197946517283463189572589274316127365849
186942357972385641453671982739526418261834579845197236318259764527468193694713825
153286749967314258284957631571862493496735182832491576748623915619548327325179864
846713259271569384539482617783924165124675893695138472317256948952841736468397521
239718645186452379547693812625187493913546287874329561491835726758261934362974158
873465291629178435541329867236791584415283976987546123158632749394857612762914358
847659132532471968196823745983142576715368294624597813361785429459216387278934651
674251839921638754853947261147895326298163547536724918469572183715386492382419675
471652839685394127392871456153789642249516783867423591934165278726948315518237964
973265148581734296264189375452871963639452817817693524328947651145326789796518432
126859437839742561754631289381924675245167398697583142973415826418276953562398714
172496853468532971935187624394261785217854396856973142743628519629715438581349267
243598176719643852856127943397481625164235789582976314975862431631754298428319567
168943752345172968297685314516498273473256189829731645781529436652314897934867521
234169587596728314871543269329687451185394672647215938958431726463872195712956843
813294675562713498497658231159327864628945713734186529386471952941562387275839146
512386794379154268846729531498532617135867429267491853921648375683975142754213986
138576429697423158425198736271385694984267513356941287813654972569732841742819365
879624531423951786156378492268497153745213968931586274617849325584732619392165847
531789624267514389849236517976328451458167932312495876693871245185642793724953168
639871452514269387827453961345792618286514739971386524493628175152937846768145293
682395741195478623347261985216839574758624139934517862429756318573182496861943257
642315897791284356853697421267859134419732568538146972324571689986423715175968243
153426879427598316698713524872634195315972468964185732249351687581267943736849251
375481962926735184841269375263518749498372516157946823789654231514823697632197458
562194783479863152381275496956728314124936578837451269643519827718642935295387641
853196274946287135271354689469821753732549861185763942398472516524618397617935428
837425961562197483941638275625783194479512836318946752284369517153874629796251348
943176528276835491185429673724681935538942167691357284457263819312598746869714352
785234916692718435143695728467352891851967342329481567534176289976823154218549673
974582136352164789861793425296317548437859612185426397719245863643978251528631974
615739284237814569498625731562478913943162875781953642376591428829346157154287396
153986247769234158428751369246178593831569472975342816312497685694825731587613924
576984231219573648384126579853267194792418356641395827935641782468732915127859463
547926138231857964689314527894235716723641859165789243312478695476592381958163472
263981475975426183481537926346278591859314267127695348798143652614752839532869714
423659178197284536586713492869431257245967381371825649934172865718546923652398714
578416329419325786623798541154267938867943152932581467746839215391652874285174693
847162593196345287235798461578931642469257318312486759983624175754813926621579834
598624317617538942234791865752916483189347256346285791865473129423159678971862534
821597364496183572357246189178625943645379218239814756712968435584732691963451827
853741692217956348946823157524389761631572489798164235479238516382615974165497823
638415279725968431491372856584729613962153748317846592846591327173284965259637184
927143658861579324435682791176254839249837516583961472614795283798326145352418967
453281769976534821812697345384916572261375984795842136627158493149723658538469217
947218563531476892682359174495861327316724985278935416764183259159642738823597641
543891762219746385687532491136429578752368149894157623965214837471983256328675914
412396758965278134378514962593641287281735649746982513837159426129463875654827391
817426593594713862632895417781259634465137928923648751278561349159384276346972185
715246839468395172239178465892634517356712984147589623923461758674853291581927346
934268751587419236162573894819635472325784169476192583641357928793821645258946317
924615837638497215175823496596781324482369571713542968867234159241956783359178642
892673415153894726764512938629387541487125693531946287946731852378259164215468379
942735618738216495516984273481653927379428156625179384154862739897341562263597841
475319286628547319319268457257836194136954728894721635543682971981473562762195843
512394687437816952869275134724681395951723468386549271148937526673452819295168743
958614327147253869632798145593142678471986253286537491364875912815429736729361584
742138956153694287968275341436921578271856439895347162317469825529783614684512793
697485321145392678283176954369847512451623897728519463836751249512934786974268135
564389271879162345231547689412836597398751426657294138125478963746913852983625714
268745139451329768793861245625187493819634527347592681134278956976453812582916374
573621498892453716461798523325849167714362985689517342958136274236974851147285639
753862914692541783481973526837425169916738452245619837578296341129354678364187295
263784195841593762759261438598436271426817953137925684985642317612378549374159826
753694281916872534284135769127563498569418327348927156871356942432789615695241873
758136249413927658962584173875342916634819725291675384327498561186253497549761832
869135274375249186241687539186524793492763851753918642638472915914856327527391468
194628357236795148587431926861249735923857614475163892742316589358972461619584273
389714625125896437746532819864125793291347586537968241653281974978453162412679358
715628934436971825892534176379415682154862397628397451247189563583246719961753248
936127854217584639548963271382716945159248763764359182473891526895632417621475398
459713628831629475627485139246971853785362941913548762162857394594136287378294516
783251694924763815651984273498317526235896147167542938842135769516479382379628451
928347516567912348431586792375691824286754931194823675852139467713468259649275183
749583216536217894281649537425176389697835421813492765152364978378951642964728153
423915867197386452568724391846237915219568734375149628781653249932471586654892173
286749135931526874745183926653498712897261453124375689418932567369857241572614398
821369475469527831573814926612975348947138652358642719284791563196453287735286194
748956312132487659569231487284673195675198234913524876356849721427315968891762543
426795831591863472387421569954617283732984615618352794865239147149576328273148956
579348612482167539631952847946715283728436195153829764315284976867593421294671358
695781423137942856824356917981523764476819532352467198269178345518634279743295681
614872953923451867587963142278395614159746238346218795892634571731589426465127389
241798563795364812368251479952617384873425691416839725139586247584172936627943158
672938541851624793943157682567389124218476359439512876124765938796843215385291467
162754938589631274734829651895172346327946185641385729218593467456217893973468512
982157643541632897736894512175928364398465271624713958269371485457289136813546729
851367429643529871927184536738915264412736958596842317384271695275698143169453782
674519238983247156251386479719854362536921784428763591895172643342695817167438925
594671832783429615612835974278356149956214387341987526129768453435192768867543291
598421637173968452462573981241836579987145326356297814834612795625789143719354268
479351682816942375235786941341698527768235419592174836657813294984527163123469758
796148523284953761315627849947265318158734296623819475439576182872391654561482937
968532471753914268214768395436857912182493756579621834391286547627345189845179623
271569834394781562658234917189627345765493281432158796543812679916375428827946153
814396257273415698695278314957641823426839175138527469762983541581764932349152786
921657438853124679476893521549261387632748915187539264764385192215976843398412756
168357249234891567957624381821465793576932418493178625615283974382749156749516832
785234961329615847461987253614798532952463178873521694148359726536872419297146385
691352748832174569754869123468723951319645287527981436146298375273516894985437612
698153724527849136314762985431628579275394618869517342952471863786235491143986257
276815934548937216931462758459671382367528149182349675793254861815796423624183597
781296543459731286263845791195328467628417935347569812576983124914652378832174659
679541328584236917312978546241685739765329184938714652857162493126493875493857261
836257941259418763147396852592784136713625489468139527681573294924861375375942618
485392671127456839936718254368549712592167483714823965651984327843275196279631548
275396814891724356436581729768159243924673185153842697347918562619235478582467931
283947561176852943459136782592361874867429315314785296735694128948213657621578439
168945372245637918973281645682413597594762831731598426426159783357824169819376254
142859637689273514357641289894532176561798423273416958938165742716324895425987361
819657324265348791437921658682195437394762815571483962956274183148536279723819546
147583269926174538583692174839217456652348917714965823275439681468751392391826745
154728369729613854836459721347295186691837542582146937215984673978362415463571298
481756239359842671276319845738495162562178493914623758193267584847531926625984317
624879513917635482583421976831954267265387149479162835192743658358216794746598321
462315789518947263397682514256198437749236851831754926924561378685473192173829645
182647539549283761367519284876125493925364178431978625214836957693751842758492316
623719458154836729879254613912473586368591274547628391485967132291345867736182945
135728964697345812248691573974256381861439725523187496382914657456872139719563248
462798153319542678758163942234971586871256394695384721543819267926437815187625439
651748239387921645942563187835496712426817953719235468198374526574682391263159874
218754369354968172679213854985372416763491285421685937196827543837549621542136798
297416835643825791851793462432157986519648327786932154125384679968571243374269518
614275893375986421289134675128549367493761582567823914941657238856312749732498156
138574629692381547754926318863152974419837256275649831521468793987213465346795182
971423856653198247284756319569832471142967583738541692825679134317284965496315728
945261387218734695376859214687542139159387462423196758762915843534678921891423576
253478619984631752167592843742819365316725984598346127821957436475163298639284571
547892631293165847861347592326784159154239768789651423472916385935478216618523974
326587914718429536495163287984231765537896421261754893142678359653942178879315642
743698251568312974192457836981265743435781629627934185879546312256173498314829567
371649852846235791592187643765324189214978365938516274427851936653792418189463527
276359814389164572541728693637895241415273986928641735193582467862417359754936128
456218937983675412712394568239867145175429683864153279328946751541732896697581324
273485961689371245514296738156932487492817356738564192927648513841753629365129874
634271958957684312812539746461398527598726431723415689186943275245867193379152864
286541397941837526357629841612954783594783612738216459175462938463198275829375164
894167523356298174271543986765432891413985267928671435682714359549326718137859642
968143572574682931312975846756831429493256187821794365187469253639528714245317698
749851326381246597256937814528719643973465182614328975195672438837594261462183759
679543281543128769821976345956412873782369154314785926237694518498251637165837492
578964213136257489942318576894573621215689347763421895651892734329746158487135962
753129648284367195916485723538642971649713582172598364491836257327954816865271439
965371842271584396483926157839712564526439718147865923352698471714253689698147235
248561739973842615651937284325796148869124357714385926486219573137658492592473861
862719543347528169159436782518942376674351298923687451485193627236875914791264835
513782964976345218842619357685423791421976835739158426264537189357891642198264573
642953178175842369839176542217568493596324781384719625951487236423695817768231954
169325874823746591574981632687413925435297186291568347712639458356874219948152763
365189742129674583748352619953241876472863195816795324284516937697438251531927468
751392846862574193439168527984627315173985264526431789247859631398716452615243978
895326147176845392324917658481763529257189436963452781748231965539678214612594873
195428637682973514437156289856347192973812456241695873768534921314289765529761348
851672349624193875739548612512367984498251736376984251285716493967435128143829567
196572384374698215285134679617925438452783961839461752721359846943816527568247193
714693852286475391539281764175869243698342517342517986857134629423956178961728435
461827395523941768789653214914576832652438971378219456296785143835194627147362589
793124865182756394645398271326471589479582136851639427968215743217943658534867912
481352796572169483639784251217638549843975162956241837724596318395817624168423975
628971354941835627573642891259163478184597263736284915365419782817326549492758136
723458619614397258589126374198265743235974186476813592961782435357649821842531967
173596284254813796896247135948752613567138429312469578739625841485971362621384957
921867345438591267675423891567218934894736512213954678742389156356172489189645723
846159372321674895795238614972816453568493721413527968654781239189362547237945186
638154297957263841124897536495638172281475963376912458742586319513729684869341725
479816523231574986856392147728451369145963278963287451314628795692735814587149632
546839721387412569219675348432986157658127493791354682123568974864793215975241836
452176839813594276967328514524913687398267451671845923136482795245739168789651342
354762891792841365186953742963174258578296413421385976237619584649538127815427639
983467215271583469645219783328695147416372958597148326769821534852934671134756892
369715824745823916218496375176584293594132768823679451437251689652948137981367542
249768513851349672367152948974236185138975426625481739483697251592814367716523894
764921358923785641185643297257136489631894572849257136498562713376419825512378964
926873415745912683381654792172568349458329176639741258213495867897136524564287931
436281795587946321921573684749358162263197548158624973372465819895712436614839257
613894752287516934495732618938257461541683279762149385356428197874961523129375846
594381726178526493263749815826157349751934268439268157912673584385492671647815932
316829754754631289829457163983746512561283947247915638695378421478162395132594876
982614735475329186361785924148536297529871463637492851896157342214963578753248619
135489672726315489894726153978263514462591837513847296251934768689172345347658921
524831769761495283398276514849562371235719846176384952957643128412958637683127495
792641835168953247543782619439825176217396458856174392381567924925438761674219583
413869257269745318578123649854972163127436985396581724985217436731654892642398571
857924316912763584634518972795241863263875491148639725576492138389156247421387659
956817324427963851138425976563184792741392568892756143385649217274531689619278435
482976351756431892139285674574198263293647185618523749947362518821754936365819427
612937854795841362384265917543192786961783425827654193259478631176329548438516279
824176953957384216613295748148527639295643871736918524389452167561739482472861395
793821465156734928284596731348165297612973584975248613829417356461359872537682149
931267854482539761567184329758312496214698537693475182176953248329841675845726913
657321894892547361143869572925184637318675429476932185561793248289416753734258916
356842197741953826289671534492537681578216349163498752817329465624785913935164278
463157928589342617127698534615274893234869751798513462871936245952481376346725189
189356742654728913372914865516487329247139658893562471761293584435871296928645137
978614235435827691261935478789362154154789362326541789647198523592473816813256947
324597681916832574875164923697345812548621397132789456261953748753418269489276135
462581739958743126137962548584326971371859264629417853893274615246195387715638492
129768435856423197734951682541239876697185243382647951413872569278596314965314728
382415976496837125751269483249351867138746592675928314963174258514682739827593641
439578126216349875587612349194856732863721594752934618945167283378295461621483957
945173268168592437723486159576934821314728596289651374432869715897215643651347982
912678354835124796467359812654812973283796541791543628528437169379261485146985237
542136789198457236763298514379814625615329478284765193426973851957681342831542967
382416597147895236596273481614938752273651849859724163425367918931582674768149325
893561742416723598725849163164982357257136489938475621381254976642397815579618234
985742136623159784174368529517693842469825371238471695342517968856934217791286453
518392647637415982924876135459731268261589473783624519345967821176258394892143756
945286317632175498817349652194632875768451923253798146379824561421563789586917234
917248563526793184834516279491625837283471956765839412672154398358962741149387625
893274516724516839516839724257648391639157248148923657972361485361485972485792163
892167345673452891145893627537946218986721453214538769358214976729685134461379582
148235679369417852752968431825196743914573268673824915586349127237681594491752386
859613472126847953437952618673495821514328796982761534395186247261574389748239165
528143697439762158167985432351429876684317925792856314876231549215694783943578261
941653872276814539835792416712986354459321687683547291168239745524178963397465128
467815923258973164931642875746259318182734659395186742624391587573468291819527436
136457982285169437497238561368795214941826375752341698614573829829614753573982146
851492367796153482234786519689234751415879623327615894962348175148527936573961248
681432975243795168759681342912374856375826491468519237834167529596248713127953684
245198736791346285368527419856739124473251968129864573637915842512483697984672351
412357896539168274786249135254871369168935427397624581625493718971582643843716952
142586397583297164796341825359164782817923546624875913965712438278439651431658279
361845279457296318298731654972183465583674192146529783614358927735962841829417536
265493178139587624847621593678235419952148736413976285526319847794852361381764952
567293184412578639893461725231984567975316248684725391749132856358647912126859473
572349168398651427146728359267815943819234576435967812684173295921586734753492681
652371894483629571971485263265794318197832456834156927546918732328567149719243685
854271693269543781137968245521386479978154362346792518793415826615827934482639157
249315867837694125615287934128453796473968251596721483361842579984576312752139648
726981354493765218185234967941827536852316479367459821614593782578142693239678145
457368192389214657612957438924531786138746529765892341596123874843679215271485963
835726941296145873174938562753682194418579326629314785342891657581467239967253418
461295387759638142823471659197563428285147936346829715578316294912754863634982571
931582746745963182862417395586741923427639851193258467359124678678395214214876539
391465287726398415584217936649751328173842659258639741415926873862573194937184562
283769154416853927957412863764231589325978416891546372578324691649187235132695748
965432187832791456417568392791624538284375619356189274529843761178256943643917825
294865317753194286168273549349781652621539478587642931832416795415927863976358124
863157249759324618124968375912485736438679521576213984347591862285746193691832457
369714258852396147471852396526187934714923685983465721647539812298641573135278469
598634172376129845241587396813246957452798631967315284785961423129453768634872519
267839145385614792914572386823195467649783521751246839538921674496357218172468953
567143982491287365382965714925831647618724593743596821174659238256318479839472156
796352148842971563153486297321647985465893712987125634214739856678514329539268471
485197623239684175617532849892463517164725938573819462941278356326951784758346291
418329567652847391973615428527498136384261975169753284245976813896134752731582649
317248695928156743654739812163527984492683571785914236536871429849362157271495368
145972368879536412263481795436897521791245683528613974614329857352768149987154236
852716394139248576746953182914327658267581943583469721421675839695832417378194265
629837514413295867857164329732658941961473285584912673275381496146529738398746152
726819435841357962953426187289534671564781293317962854138645729692173548475298316
328417956514869273967352184431978625692531847875246391243185769759623418186794532
729341865541876329386925174278134956193652748465789231657218493834597612912463587
812976345956413728347285169583169274791324856264857913639742581428591637175638492
687495231125386974934271568843127659512869347796543812261738495378954126459612783
286159437371842956459637218145986372932714865867523149513278694624395781798461523
437529186512678943698431257876392514243715698951864372164983725325147869789256431
517643892389257416264891573735462189842719635691385247476538921153924768928176354
594823617127649538683157942316475289245398761879261354458932176931786425762514893
472135869816749352395286471647352198139678524258914637524893716763421985981567243
491365782765182349283974516916527834827431965354698271539746128678219453142853697
246579138753814926198236475934627851517983642862145793481392567375461289629758314
269351487458267319137948562842713695396584721571692843613879254925436178784125936
382479615954816372176523849729651483415382967638947251541298736267134598893765124
586792134129483576437156982298315467361874259745269813974531628613928745852647391
764823159198547263235196748927458631543619872816372594681734925359261487472985316
165942873948731625273586941324197586517368294896425317759213468632874159481659732
194738562358692174627541938245369817973815426861427359439176285782953641516284793
853294671976381524142567839697125348214738965385649217539476182728913456461852793
951823746784516392236974185395467218178352469642189573817635924529748631463291857
178934256235671948946528371689317524712465839354892617897153462561249783423786195
217864539635129478489573261821395746356741892974682153568917324143256987792438615
231678495746295138589341276168734952973512684452869713315926847824157369697483521
648192735312657849957384612793865124184239567265471983839746251471528396526913478
965471832278563941341829576594687213186392457732145689613958724457236198829714365
891365274365724918724819563486297351273451896519683742137942685948536127652178439
682493571371625849459187236124368795538972614967514382796231458815746923243859167
215967384783425169964318752621859437349176825578234691432581976157693248896742513
542638197697451238183792456274369815931587642865214973429873561358146729716925384
926538741153479268874261935249715683538642197761983524317826459492357816685194372
364198572791235864852764391218647953975312486436859127183526749647981235529473618
189432657653197842742856913218364579975281436364579128531628794496713285827945361
834261975172945386569387241623798514918456723745132698286519437391674852457823169
675934128894621375321587496246819537183756249957243681518492763732168954469375812
917485632258936471463712859671853294829647315534129768392578146186394527745261983
624875391583916472917234865758392614136457289492681753879143526365729148241568937
315284976782691534946573218154927683639158742278436195497862351863715429521349867
391587246248916573675432189937164825856273491124859637513748962782691354469325718
736958124852417639194236578318562947675894312249371865463789251921645783587123496
127695483943178562568324971351749826692813745874256319785962134436581297219437658
856179234439862751271354689942635178165987342783241965318526497597413826624798513
193685724682794531475123986831546279247839165569271843918467352324958617756312498
275631849836945127194287653961458372483762591752193486347526918619874235528319764
382954167164237958579816432748369521235148796916572843857693214621485379493721685
725843196349167258816295743194782635237956481658314927581479362962531874473628519
314569728892173654567824931751398462429716385638245197243681579975432816186957243
382914567679583142415762938954836721736129485821457396148695273593278614267341859
487563291295714683361829475143286759976135842852947136524371968619458327738692514
187423659953617842264598317579184263641372985832956174418235796726849531395761428
274918653396574128815362947752496381638127495149835762563241879987653214421789536
634158729217349658895726341428963175963571482751482936382694517549217863176835294
418273569973658241562941378736412985291586437845739612357194826124865793689327154
592841673317296485864753921723965148681427359459318267175634892936582714248179536
826751349597324861134896572678913425352487196941265738465132987719648253283579614
451872963863915274729346185692134857175628439384597621538461792947283516216759348
715863924368942571492751836129537648643218759587694213936475182874126395251389467
279418356653927418814635792795264183386159247142783965528341679437596821961872534
682415739493762518157938246378146925516293487249857361921584673765321894834679152
479325168123768594568149273241683957985417326637952481392871645754236819816594732
742819365536742819189635472873924651291563784654178293468291537925387146317456928
974823651351967842862154379495682137137549268286731495513296784629478513748315926
256874931183529746794361258862913475547286193931457862419638527628795314375142689
245739816687215394139684527952348761864157932371962458416573289793826145528491673
867531429934762518152894637428976351693158742571243896785429163349617285216385974
685917234472358691931462578328175946714693852569284713893546127146729385257831469
871369452234571689695482137457816923968243571312795846549637218183924765726158394
486932517921745638537681429295163874178459263643278195719824356852396741364517982
326947815951628374784135692642893751517462938839751426298574163163289547475316289
172658493863249157495371862916487235357192684248563719529716348634825971781934526
396142578754836291812975364567481932928753416143269857431698725689527143275314689
436195278285374196719268543123487965857629431964513827691832754342751689578946312
917824365253769481486351279372195648698247513145638927724513896561982734839476152
794268135621354879385197624832945716469781352517632498176829543253416987948573261
495138672261947853783265941814529736532716498679483125958371264147652389326894517
921583467685749123743216598856471239234895671179632845417928356598364712362157984
267543981593182674148679253675431892482796315931258467356927148729814536814365729
426915873831672594957348216248763951165489327379521648782156439594837162613294785
485796312719283645263415897976324158321658479548179236657841923132967584894532761
829571463735462981614983725961345278548729316372816594496157832283694157157238649
782314596639578241451926387145637829298451763376289154867142935913865472524793618
547813629631297845829546371195428736762935418483761952318654297974182563256379184
712698345485237196936154827198746532243815679657923481364579218871462953529381764
213958746754362819869147235691835472478296153325471968986514327137629584542783691
659143728241857396837692541362589174715324689498716253174238965586971432923465817
135946728896271534274583691759124863681735942423869175512397486347658219968412357
569813472348752961217694583692387145781945326453261897126438759875129634934576218
852679134493518726167324859286457913349861275571293648715936482628745391934182567
974283516528416379613759428789641253132975684456328197297164835345892761861537942
729835164341276598865941273254369817698127345137584926986452731572613489413798652
154796382926853174837124695379418256518267439642539817293685741781942563465371928
369851472754932681128467593641285937892376154573194268285643719916728345437519826
692384715385197642471625938543862197219753864768419523824976351136548279957231486
295681374784253619136794582473169258518342796629578143952437861347816925861925437
173492865528367941649851237297645318854713692316928754731586429982134576465279183
316487592578392614942516738423659187895173246761248359254961873689735421137824965
462351978351798624978624513186943752724815396539267481815476239243589167697132845
863179452129548736475632918256794183784315269391826574532467891917283645648951327
938167452564293817127458396852379641613845279479612583796534128241986735385721964
145628739678934251293715684752381946386249517419576328867153492931462875524897163
174653289238149756596278431912387564863514927745962813457836192321795648689421375
276814935143597268589236471761359824435728619928641753392465187617983542854172396
235671984947582316816934527672158493451397862389246175124863759563719248798425631
753416892291783654648295317512849763874631925936527148365174289127958436489362571
735621948168549327294837615351278496472396581986415732513962874647183259829754163
527189643134657982698432715346925871289713564751864239472398156865241397913576428
987215346461893257253467198532981764876534912194726583748359621315642879629178435
725481693916352478834679125198543762462798531357216849543127986279865314681934257
265978413983461572174253896526149738491837265837526149712395684348612957659784321
764318259928756143315492876849271635132645798657983421281534967576129384493867512
597263841134875692628149357483627915952314786761958423249536178375481269816792534
456129837872534619391786254637845921214397568589261743765913482148672395923458176
783216594146598237592734681368427159921365748457189326615942873239871465874653912
396418725482597631715326498679253184541869273238741569863175942127984356954632817
283179546591846327764253918319784652652931874847562139438625791975418263126397485
135926478462837915879451236918764523624583791357219684786195342541372869293648157
745362891831479256962581374184235967529617483673948125358196742496723518217854639
123587694569423718478196253842351976935768142716942385297835461654219837381674529
835219746972468315416375829358147692794652183621983574143726958567894231289531467
781462395435791628296853417947185236368927541512634789679348152123579864854216973
532694178819357426476821953164982735293576841785413269651248397928735614347169582
987541362145632987263978145429786531651293478738415629894167253576329814312854796
926451837547938162831627954183764295759812643264593781472389516618245379395176428
786194352423857196915236784168342579279568413534971628641789235857623941392415867
239567841671824935584913672162478593845392716793651284918235467427186359356749128
965378124217945386348261795482613957153789462679452813594836271726194538831527649
629514873851673249473829165914735682732168954568942731246381597397256418185497326
371629854564871923982453671459762138126538497738194265615247389243985716897316542
169478523723591684458362791215649837387125469694837215572983146941256378836714952
539782164471569823826341597317628459945173682268954371182495736753216948694837215
674958132281346759593127486432571968915682347768439215859714623127863594346295871
861732594432659817795481326327164985619528473548397261954276138186943752273815649
361584297529617834748329615285193746974256183613748952432861579157932468896475321
259613874384957261617824539872361495965748312431295786746132958593486127128579643
632987145987451623415362798369278514754619832821543967573194286298736451146825379
892461537165237894743859612239784165514693278678125943487516329921348756356972481
139456278687129345452783916348672591716895432925341867891564723564237189273918654
647829531392541687185367249274196358561483972938752416823975164416238795759614823
467213598931458627825967314314826759659371842278549163186794235792635481543182976
295367814461895723873124596657248931134679285928531647546983172719452368382716459
489257136176348592253916487597482361318675249642139758825763914964521873731894625
321965487974183625856724319295431768137856942468297531613578294589342176742619853
972615438168349527354872691249186375785493162613257984527961843891734256436528719
624931875351847962879652134415278693983164257267593418198325746546789321732416589
451723896279681453368945721635294178917358264842167935724516389583479612196832547
437165892921487653658293417269354781714829365385671249173548926542936178896712534
842673951963215748517894623456738192728941365391526874639152487274389516185467239
175893624432671589689452371857219436261347895943568712716985243528134967394726158
489376152123895647576412938758631294632948571914527386867253419295184763341769825
289643715537819264641752839475926381892134576316578492963285147724391658158467923
834169572756432189219578643673215894185794236942386715598641327321957468467823951
861257493352491687794836251518374926973562148426189735187945362239618574645723819
468127359957843216213956487589231764126478935734695821372564198845319672691782543
165428397437569821298713456574891632926357148813642975759184263341276589682935714
952431786418769532367285419621543897839127645574698123193856274746912358285374961
495723618617895432283164597521348976364279851978651324152436789736982145849517263
528716934471983256396524817983261475765439182214875369642158793839647521157392648
795218634346579812128634975567843129213957468489126753952461387674382591831795246
258739416396514287471286593725943861984671325163825974619358742542197638837462159
325976418176842539489135672931487256754623891268591743817364925592718364643259187
345918267216743598897562431978654312652137984431289675584376129769421853123895746
891327546652894371374651289486135792127489653935762814748216935219573468563948127
426893571183756429795421863678942315219538647534167298967384152852619734341275986
571628439982734651463951278726389145159472863348516927834297516695143782217865394
637851924548629317129347586972418653816735492453296178781964235365172849294583761
346289715152647398789531246431856927265973184897412653573198462614725839928364571
726398154458271936913564728849657213267183495531429687174832569395716842682945371
