635892417214376589897145263542617938376928154189453672928761345751234896463589721
152394678943876125687512943594127386271638459836945217465283791329751864718469532
452613798183759624967428135634597281829361547715842963398176452241985376576234819
243591786571268349698473125164732598859146237327985461932617854415829673786354912
482913567731526849659847312143268795297135684568479231375694128824351976916782453
639257814542813967781469523958146372267935148413728695894371256126584739375692481
865197243947328165321645978286751394193284756754936812632519487518472639479863521
361592748875614923942738165124375896783926514596481372617253489258149637439867251
738269415251347968469518372683952147912473586574186293845721639327694851196835724
594728316137546829286931547428615793315279684679483152953162478842357961761894235
526147389417893625893625417784569231931472856652318794178254963245936178369781542
267534819385719642491286573758143926926857431134962758873491265649325187512678394
134659872879234615652871493385926741941387526726145938297563184468712359513498267
392857614186924537754163298619248753238571946475639821943782165527416389861395472
837541926542698137196723548983256471271984365465137289654379812728415693319862754
915436827362987514847152963158263749473819652296574381689341275531728496724695138
594128763681937425372465891126784539439651287758293146243516978965872314817349652
835471962297386415146295873518967324462813597973524681389742156624158739751639248
748129635361587294925634187286471953134958726579362418892745361453216879617893542
318246759465397182792581634179623845254718963836459271621834597583972416947165328
435217689796438215812956473174695832359842761628173954567324198281569347943781526
621385749534297168897461235413852976782649513956713482349126857175938624268574391
152487639469231578783965142591746823827359416634128957945872361216593784378614295
536721948197483526824956317958147263412365789763892154375614892681239475249578631
521684397943721685678395124284937516316458279759162843867519432195243768432876951
326415897174839526895726413489163752263957184751248369648391275937582641512674938
973645821452918736186237495695183247748529613321764589819476352237851964564392178
213674859794258613658913247562839471847521396931467528485796132376142985129385764
146537829952468371387192465721859643594326187638714592865271934473985216219643758
827914536156723984439658172915867423273549618648132795392475861764281359581396247
952876134184593672673421859738149265429658713561732948845917326316285497297364581
984763152712548936563912748278695314351284697496137285645329871137856429829471563
985726314216543789743189652329471865457698123168352497632914578594867231871235946
528491736694837251371625849816359472743286195952174368167942583235768914489513627
137826954924135786685749123841673295359214867276598431792361548513482679468957312
158463297973258614426917538367841925542679183819325746294786351731594862685132479
146295738837146529259387461768519342513724896492638175381462957925873614674951283
291567843674138259583294716769321485132485967845679132957813624428956371316742598
615294837247358691839716425452987163761543289398162754926475318584631972173829546
614935827785126439932478561293614785867592314451387692548261973326749158179853246
948571623613942875275638419352819764791426538486357291837164952529783146164295387
824396571916857423753124689165978342478632915392541768289465137637219854541783296
264137859795482163183569724578614932416923587932758641321896475649375218857241396
386952417749316258215748693431697582598423176627185934854271369162839745973564821
239581746486732519517946283325819674861457932794623851948365127652174398173298465
237618945148592637965437821354871269719246583682359174873925416521764398496183752
175483962694172358382965471843629517526714839917538624258397146731846295469251783
451928637672341589938657214583796421726814953149235876397482165865179342214563798
912874635546391278378256149783642951129583467465719382237165894891437526654928713
816573942972468531345192678754819263623745819198236754481957326539621487267384195
952763814871492563346185729419528376523674981687931245134257698798316452265849137
632915874894327561751684293286193457349578612517462938978236145125749386463851729
487136952653279418219854637176982543398541726542763891721498365935627184864315279
965413728137825469482796351379152684614387295258964173523648917796531842841279536
172394856956218743348756129769123485835479612421685937694531278587942361213867594
745318629296745318183269475478632951931857264652194783864523197327981546519476832
637814259482935176591627384248761593753298461916543728864352917129476835375189642
193547682756823914248196375839251467672934158514678293321765849965482731487319526
794361285586297413132854967258943176619578342473126598327619854861435729945782631
536714892249856317187293546392165784418327659675948231954632178721589463863471925
859437216436921857712586493527194368164358972398672145643215789985743621271869534
642379815813456729957281463128794356395862174764513982279145638431628597586937241
325164879691782345847935126512648937736259481984371562253496718469817253178523694
615493278483276591927815463136728945579134682248659317852967134364581729791342856
416798523835142769927536841652817394179364258384925176298651437743289615561473982
187934652653721984429856317876593421914672835532148796798415263261387549345269178
391764258526389174784125639945278361632591487817436592158647923473952816269813745
376942581895167234214358796169735842782694153453821967547283619931576428628419375
689415327542873169317926854173652948258794631964138572821567493796341285435289716
924673518386519724157284639748392156261758943539461872612945387873126495495837261
178954623395268714462173985931725846256489137847316592529847361613592478784631259
486157923953824176271396845539241687718963452642578319127689534895432761364715298
968274351137598264254136987372841695489365172516927438845619723621783549793452816
412697853786354912395128674863412795147589236529763148658931427271845369934276581
914723865823156947756489321267534189591862473438971652682317594145298736379645218
714526839986431275253987614371692548529814763468375192845169327132748956697253481
784915263619243875523768491458691732132457689967382514376529148241836957895174326
891652743254738619736419582943876251678125394512943867427581936389264175165397428
347581692985627341216349587492716835851234976763958124629173458534862719178495263
215893746347652891869417253451386972983725164672149385796234518134578629528961437
195682437237491568468753921926175843814329756573846219649537182352918674781264395
679513248183492756245786391736158429458279613921364587594837162362941875817625934
751394862293816547846275913374582196165439728982167354628751439417923685539648271
814632759693475182275819364342591876168724935759386421536947218981263547427158693
596473281428961753713258649182534967674189325359627418961345872237816594845792136
438591267192768453567423981953672148826314579741859632285147396314986725679235814
894317265763542189125869374956738412437251698218694753571483926642975831389126547
281495736349687251657123849823579164175346928496812375734968512568231497912754683
981456327362798451754123986247615893513289764896374512125847639438962175679531248
792354816438621597516897243364279158829165374157438629281746935675913482943582761
185793642379642815426815973763284159894561327251937486538129764647358291912476538
591387246732465918864129573973816452418952637625743189187294365246538791359671824
658193724217485693349267185586934271492571368173826549934752816825619437761348952
852964137397158426146327859468735912715492368923816745289543671531679284674281593
315679842842531769697842513168953427534726198279184356923417685486395271751268934
273916548168543297594782163632157984917824356845639721451398672729461835386275419
825319467173642859964758132549271683687934521312586794756493218231867945498125376
713265498569148723482739516657324981194586237328971645931652874876493152245817369
435786291819425367672139485748952613321648759956371824584217936263594178197863542
234571986651289347879436251513794862426318579987652413162945738795863124348127695
