417369825632158947958724316825437169791586432346912758289643571573291684164875293
527316489896542731314987562172453896689271354453698217941825673765134928238769145
617459823248736915539128467982564371374291586156873294823647159791385642465912738
487312695593684271126597384735849162914265837268731549851476923379128456642953718
962314857134587269578296413847962531651873942329145786285639174793451628416728395
416837529982465371735129468571298643293746185864351297647913852359682714128574936
682154379951763842374892165437528916816937254295416738568271493729345681143689527
652481937834679152971325864467812593315794628298563471186937245523146789749258316
682153479951764832374892165437528916816947253295316748568271394729435681143689527
792351648543786129681429537157648293924137865836295471368572914419863752275914386
